x	f(x)	z
0.000000	1.000000	1.000000
0.010000	1.010000	0.990000
0.020000	1.019900	0.980296
0.030000	1.029703	0.970874
0.040000	1.039412	0.961720
0.050000	1.049029	0.952821
0.060000	1.058557	0.944167
0.070000	1.067999	0.935746
0.080000	1.077356	0.927547
0.090000	1.086632	0.919561
0.100000	1.095827	0.911779
0.110000	1.104945	0.904193
0.120000	1.113987	0.896794
0.130000	1.122955	0.889574
0.140000	1.131851	0.882527
0.150000	1.140676	0.875646
0.160000	1.149432	0.868924
0.170000	1.158122	0.862356
0.180000	1.166745	0.855934
0.190000	1.175305	0.849655
0.200000	1.183801	0.843513
0.210000	1.192236	0.837502
0.220000	1.200611	0.831619
0.230000	1.208927	0.825859
0.240000	1.217186	0.820217
0.250000	1.225388	0.814690
0.260000	1.233535	0.809274
0.270000	1.241628	0.803964
0.280000	1.249668	0.798759
0.290000	1.257655	0.793653
0.300000	1.265592	0.788645
0.310000	1.273478	0.783730
0.320000	1.281315	0.778907
0.330000	1.289104	0.774172
0.340000	1.296846	0.769523
0.350000	1.304541	0.764957
0.360000	1.312191	0.760471
0.370000	1.319796	0.756064
0.380000	1.327356	0.751733
0.390000	1.334874	0.747475
0.400000	1.342348	0.743290
0.410000	1.349781	0.739174
0.420000	1.357173	0.735126
0.430000	1.364524	0.731144
0.440000	1.371836	0.727226
0.450000	1.379108	0.723371
0.460000	1.386342	0.719577
0.470000	1.393537	0.715842
0.480000	1.400696	0.712165
0.490000	1.407818	0.708544
0.500000	1.414903	0.704978
0.510000	1.421953	0.701465
0.520000	1.428967	0.698005
0.530000	1.435947	0.694595
0.540000	1.442893	0.691236
0.550000	1.449806	0.687924
0.560000	1.456685	0.684660
0.570000	1.463532	0.681442
0.580000	1.470346	0.678269
0.590000	1.477129	0.675140
0.600000	1.483880	0.672054
0.610000	1.490601	0.669011
0.620000	1.497291	0.666008
0.630000	1.503951	0.663046
0.640000	1.510581	0.660122
0.650000	1.517183	0.657238
0.660000	1.523755	0.654391
0.670000	1.530299	0.651580
0.680000	1.536815	0.648806
0.690000	1.543303	0.646067
0.700000	1.549763	0.643362
0.710000	1.556197	0.640691
0.720000	1.562604	0.638054
0.730000	1.568984	0.635448
0.740000	1.575339	0.632875
0.750000	1.581668	0.630332
0.760000	1.587971	0.627820
0.770000	1.594249	0.625338
0.780000	1.600503	0.622885
0.790000	1.606731	0.620461
0.800000	1.612936	0.618065
0.810000	1.619117	0.615697
0.820000	1.625274	0.613355
0.830000	1.631407	0.611041
0.840000	1.637518	0.608752
0.850000	1.643605	0.606489
0.860000	1.649670	0.604251
0.870000	1.655713	0.602038
0.880000	1.661733	0.599849
0.890000	1.667731	0.597683
0.900000	1.673708	0.595541
0.910000	1.679664	0.593422
0.920000	1.685598	0.591326
0.930000	1.691511	0.589251
0.940000	1.697404	0.587199
0.950000	1.703276	0.585167
0.960000	1.709127	0.583157
0.970000	1.714959	0.581167
0.980000	1.720770	0.579198
0.990000	1.726562	0.577248
1.000000	1.732335	0.575318
1.010000	1.738088	0.573407
1.020000	1.743822	0.571516
1.030000	1.749537	0.569643
1.040000	1.755234	0.567788
1.050000	1.760912	0.565951
1.060000	1.766571	0.564132
1.070000	1.772213	0.562331
1.080000	1.777836	0.560547
1.090000	1.783441	0.558779
1.100000	1.789029	0.557028
1.110000	1.794599	0.555294
1.120000	1.800152	0.553576
1.130000	1.805688	0.551873
1.140000	1.811207	0.550187
1.150000	1.816709	0.548515
1.160000	1.822194	0.546859
1.170000	1.827662	0.545218
1.180000	1.833115	0.543592
1.190000	1.838551	0.541980
1.200000	1.843970	0.540382
1.210000	1.849374	0.538798
1.220000	1.854762	0.537229
1.230000	1.860134	0.535673
1.240000	1.865491	0.534130
1.250000	1.870832	0.532601
1.260000	1.876158	0.531084
1.270000	1.881469	0.529581
1.280000	1.886765	0.528091
1.290000	1.892046	0.526612
1.300000	1.897312	0.525147
1.310000	1.902564	0.523693
1.320000	1.907801	0.522252
1.330000	1.913023	0.520822
1.340000	1.918231	0.519404
1.350000	1.923425	0.517998
1.360000	1.928605	0.516603
1.370000	1.933771	0.515219
1.380000	1.938923	0.513846
1.390000	1.944062	0.512484
1.400000	1.949187	0.511133
1.410000	1.954298	0.509793
1.420000	1.959396	0.508463
1.430000	1.964481	0.507144
1.440000	1.969552	0.505835
1.450000	1.974610	0.504535
1.460000	1.979656	0.503246
1.470000	1.984688	0.501967
1.480000	1.989708	0.500697
1.490000	1.994715	0.499437
1.500000	1.999709	0.498187
1.510000	2.004691	0.496946
1.520000	2.009661	0.495714
1.530000	2.014618	0.494491
1.540000	2.019563	0.493277
1.550000	2.024495	0.492073
1.560000	2.029416	0.490877
1.570000	2.034325	0.489689
1.580000	2.039222	0.488510
1.590000	2.044107	0.487340
1.600000	2.048980	0.486178
1.610000	2.053842	0.485025
1.620000	2.058692	0.483879
1.630000	2.063531	0.482742
1.640000	2.068359	0.481613
1.650000	2.073175	0.480491
1.660000	2.077980	0.479378
1.670000	2.082773	0.478272
1.680000	2.087556	0.477174
1.690000	2.092328	0.476083
1.700000	2.097089	0.475000
1.710000	2.101839	0.473924
1.720000	2.106578	0.472855
1.730000	2.111306	0.471794
1.740000	2.116024	0.470739
1.750000	2.120732	0.469692
1.760000	2.125429	0.468652
1.770000	2.130115	0.467618
1.780000	2.134791	0.466592
1.790000	2.139457	0.465572
1.800000	2.144113	0.464559
1.810000	2.148759	0.463552
1.820000	2.153394	0.462552
1.830000	2.158020	0.461559
1.840000	2.162635	0.460572
1.850000	2.167241	0.459591
1.860000	2.171837	0.458616
1.870000	2.176423	0.457648
1.880000	2.181000	0.456685
1.890000	2.185566	0.455729
1.900000	2.190124	0.454779
1.910000	2.194671	0.453835
1.920000	2.199210	0.452896
1.930000	2.203739	0.451963
1.940000	2.208258	0.451036
1.950000	2.212769	0.450115
1.960000	2.217270	0.449200
1.970000	2.221762	0.448290
1.980000	2.226245	0.447385
1.990000	2.230719	0.446486
2.000000	2.235184	0.445592
2.010000	2.239639	0.444704
2.020000	2.244087	0.443821
2.030000	2.248525	0.442943
2.040000	2.252954	0.442071
2.050000	2.257375	0.441203
2.060000	2.261787	0.440341
2.070000	2.266190	0.439484
2.080000	2.270585	0.438631
2.090000	2.274971	0.437784
2.100000	2.279349	0.436942
2.110000	2.283719	0.436104
2.120000	2.288080	0.435271
2.130000	2.292432	0.434443
2.140000	2.296777	0.433620
2.150000	2.301113	0.432801
2.160000	2.305441	0.431987
2.170000	2.309761	0.431178
2.180000	2.314073	0.430373
2.190000	2.318376	0.429572
2.200000	2.322672	0.428776
2.210000	2.326960	0.427985
2.220000	2.331240	0.427198
2.230000	2.335512	0.426415
2.240000	2.339776	0.425636
2.250000	2.344032	0.424862
2.260000	2.348281	0.424092
2.270000	2.352522	0.423326
2.280000	2.356755	0.422564
2.290000	2.360981	0.421807
2.300000	2.365199	0.421053
2.310000	2.369409	0.420303
2.320000	2.373612	0.419558
2.330000	2.377808	0.418816
2.340000	2.381996	0.418079
2.350000	2.386177	0.417345
2.360000	2.390350	0.416615
2.370000	2.394517	0.415889
2.380000	2.398675	0.415166
2.390000	2.402827	0.414448
2.400000	2.406972	0.413733
2.410000	2.411109	0.413022
2.420000	2.415239	0.412314
2.430000	2.419362	0.411610
2.440000	2.423478	0.410910
2.450000	2.427587	0.410213
2.460000	2.431690	0.409520
2.470000	2.435785	0.408831
2.480000	2.439873	0.408144
2.490000	2.443955	0.407462
2.500000	2.448029	0.406782
2.510000	2.452097	0.406106
2.520000	2.456158	0.405434
2.530000	2.460212	0.404765
2.540000	2.464260	0.404099
2.550000	2.468301	0.403436
2.560000	2.472335	0.402777
2.570000	2.476363	0.402120
2.580000	2.480384	0.401467
2.590000	2.484399	0.400818
2.600000	2.488407	0.400171
2.610000	2.492409	0.399527
2.620000	2.496404	0.398887
2.630000	2.500393	0.398250
2.640000	2.504376	0.397615
2.650000	2.508352	0.396984
2.660000	2.512322	0.396356
2.670000	2.516285	0.395730
2.680000	2.520242	0.395108
2.690000	2.524193	0.394489
2.700000	2.528138	0.393872
2.710000	2.532077	0.393259
2.720000	2.536010	0.392648
2.730000	2.539936	0.392040
2.740000	2.543857	0.391435
2.750000	2.547771	0.390832
2.760000	2.551679	0.390233
2.770000	2.555582	0.389636
2.780000	2.559478	0.389042
2.790000	2.563368	0.388451
2.800000	2.567253	0.387862
2.810000	2.571131	0.387276
2.820000	2.575004	0.386693
2.830000	2.578871	0.386112
2.840000	2.582732	0.385534
2.850000	2.586588	0.384958
2.860000	2.590437	0.384385
2.870000	2.594281	0.383815
2.880000	2.598119	0.383247
2.890000	2.601952	0.382682
2.900000	2.605778	0.382119
2.910000	2.609600	0.381559
2.920000	2.613415	0.381001
2.930000	2.617225	0.380445
2.940000	2.621030	0.379892
2.950000	2.624829	0.379342
2.960000	2.628622	0.378794
2.970000	2.632410	0.378248
2.980000	2.636192	0.377704
2.990000	2.639970	0.377163
3.000000	2.643741	0.376624
3.010000	2.647507	0.376088
3.020000	2.651268	0.375553
3.030000	2.655024	0.375021
3.040000	2.658774	0.374492
3.050000	2.662519	0.373964
3.060000	2.666259	0.373439
3.070000	2.669993	0.372916
3.080000	2.673722	0.372395
3.090000	2.677446	0.371876
3.100000	2.681165	0.371360
3.110000	2.684878	0.370846
3.120000	2.688587	0.370333
3.130000	2.692290	0.369823
3.140000	2.695988	0.369315
3.150000	2.699682	0.368809
3.160000	2.703370	0.368305
3.170000	2.707053	0.367804
3.180000	2.710731	0.367304
3.190000	2.714404	0.366806
3.200000	2.718072	0.366311
3.210000	2.721735	0.365817
3.220000	2.725393	0.365325
3.230000	2.729046	0.364836
3.240000	2.732695	0.364348
3.250000	2.736338	0.363862
3.260000	2.739977	0.363378
3.270000	2.743611	0.362896
3.280000	2.747240	0.362416
3.290000	2.750864	0.361938
3.300000	2.754483	0.361462
3.310000	2.758098	0.360988
3.320000	2.761708	0.360515
3.330000	2.765313	0.360045
3.340000	2.768913	0.359576
3.350000	2.772509	0.359109
3.360000	2.776100	0.358644
3.370000	2.779687	0.358180
3.380000	2.783268	0.357719
3.390000	2.786846	0.357259
3.400000	2.790418	0.356801
3.410000	2.793986	0.356345
3.420000	2.797550	0.355890
3.430000	2.801108	0.355438
3.440000	2.804663	0.354987
3.450000	2.808213	0.354537
3.460000	2.811758	0.354090
3.470000	2.815299	0.353644
3.480000	2.818835	0.353200
3.490000	2.822367	0.352757
3.500000	2.825895	0.352316
3.510000	2.829418	0.351877
3.520000	2.832937	0.351439
3.530000	2.836451	0.351003
3.540000	2.839961	0.350569
3.550000	2.843467	0.350136
3.560000	2.846968	0.349705
3.570000	2.850465	0.349275
3.580000	2.853958	0.348847
3.590000	2.857447	0.348421
3.600000	2.860931	0.347996
3.610000	2.864411	0.347573
3.620000	2.867887	0.347151
3.630000	2.871358	0.346731
3.640000	2.874825	0.346312
3.650000	2.878289	0.345895
3.660000	2.881747	0.345479
3.670000	2.885202	0.345065
3.680000	2.888653	0.344653
3.690000	2.892099	0.344241
3.700000	2.895542	0.343832
3.710000	2.898980	0.343423
3.720000	2.902414	0.343016
3.730000	2.905845	0.342611
3.740000	2.909271	0.342207
3.750000	2.912693	0.341805
3.760000	2.916111	0.341403
3.770000	2.919525	0.341004
3.780000	2.922935	0.340605
3.790000	2.926341	0.340209
3.800000	2.929743	0.339813
3.810000	2.933141	0.339419
3.820000	2.936535	0.339026
3.830000	2.939926	0.338635
3.840000	2.943312	0.338245
3.850000	2.946694	0.337856
3.860000	2.950073	0.337469
3.870000	2.953448	0.337083
3.880000	2.956818	0.336698
3.890000	2.960185	0.336314
3.900000	2.963549	0.335932
3.910000	2.966908	0.335552
3.920000	2.970263	0.335172
3.930000	2.973615	0.334794
3.940000	2.976963	0.334417
3.950000	2.980307	0.334041
3.960000	2.983648	0.333667
3.970000	2.986984	0.333294
3.980000	2.990317	0.332922
3.990000	2.993646	0.332551
4.000000	2.996972	0.332182
4.010000	3.000294	0.331814
4.020000	3.003612	0.331447
4.030000	3.006926	0.331081
4.040000	3.010237	0.330716
4.050000	3.013544	0.330353
4.060000	3.016848	0.329991
4.070000	3.020148	0.329630
4.080000	3.023444	0.329270
4.090000	3.026737	0.328911
4.100000	3.030026	0.328554
4.110000	3.033311	0.328198
4.120000	3.036593	0.327843
4.130000	3.039872	0.327489
4.140000	3.043147	0.327136
4.150000	3.046418	0.326784
4.160000	3.049686	0.326434
4.170000	3.052950	0.326084
4.180000	3.056211	0.325736
4.190000	3.059468	0.325389
4.200000	3.062722	0.325043
4.210000	3.065973	0.324698
4.220000	3.069220	0.324354
4.230000	3.072463	0.324011
4.240000	3.075703	0.323669
4.250000	3.078940	0.323329
4.260000	3.082173	0.322989
4.270000	3.085403	0.322651
4.280000	3.088630	0.322313
4.290000	3.091853	0.321977
4.300000	3.095073	0.321642
4.310000	3.098289	0.321308
4.320000	3.101502	0.320974
4.330000	3.104712	0.320642
4.340000	3.107918	0.320311
4.350000	3.111121	0.319981
4.360000	3.114321	0.319652
4.370000	3.117518	0.319324
4.380000	3.120711	0.318997
4.390000	3.123901	0.318671
4.400000	3.127088	0.318345
4.410000	3.130271	0.318021
4.420000	3.133451	0.317698
4.430000	3.136628	0.317376
4.440000	3.139802	0.317055
4.450000	3.142973	0.316735
4.460000	3.146140	0.316416
4.470000	3.149304	0.316097
4.480000	3.152465	0.315780
4.490000	3.155623	0.315464
4.500000	3.158778	0.315149
4.510000	3.161929	0.314834
4.520000	3.165077	0.314521
4.530000	3.168223	0.314208
4.540000	3.171365	0.313896
4.550000	3.174504	0.313586
4.560000	3.177640	0.313276
4.570000	3.180772	0.312967
4.580000	3.183902	0.312659
4.590000	3.187029	0.312352
4.600000	3.190152	0.312046
4.610000	3.193273	0.311741
4.620000	3.196390	0.311436
4.630000	3.199504	0.311133
4.640000	3.202616	0.310830
4.650000	3.205724	0.310529
4.660000	3.208829	0.310228
4.670000	3.211932	0.309928
4.680000	3.215031	0.309629
4.690000	3.218127	0.309331
4.700000	3.221220	0.309033
4.710000	3.224311	0.308737
4.720000	3.227398	0.308441
4.730000	3.230483	0.308147
4.740000	3.233564	0.307853
4.750000	3.236643	0.307560
4.760000	3.239718	0.307267
4.770000	3.242791	0.306976
4.780000	3.245861	0.306685
4.790000	3.248927	0.306396
4.800000	3.251991	0.306107
4.810000	3.255052	0.305818
4.820000	3.258111	0.305531
4.830000	3.261166	0.305245
4.840000	3.264218	0.304959
4.850000	3.267268	0.304674
4.860000	3.270315	0.304390
4.870000	3.273359	0.304107
4.880000	3.276400	0.303824
4.890000	3.279438	0.303542
4.900000	3.282473	0.303261
4.910000	3.285506	0.302981
4.920000	3.288536	0.302702
4.930000	3.291563	0.302423
4.940000	3.294587	0.302145
4.950000	3.297608	0.301868
4.960000	3.300627	0.301592
4.970000	3.303643	0.301316
4.980000	3.306656	0.301041
4.990000	3.309667	0.300767
5.000000	3.312674	0.300494
5.010000	3.315679	0.300221
5.020000	3.318681	0.299950
5.030000	3.321681	0.299679
5.040000	3.324678	0.299408
5.050000	3.327672	0.299139
5.060000	3.330663	0.298870
5.070000	3.333652	0.298601
5.080000	3.336638	0.298334
5.090000	3.339621	0.298067
5.100000	3.342602	0.297801
5.110000	3.345580	0.297536
5.120000	3.348555	0.297271
5.130000	3.351528	0.297007
5.140000	3.354498	0.296744
5.150000	3.357466	0.296482
5.160000	3.360430	0.296220
5.170000	3.363393	0.295959
5.180000	3.366352	0.295698
5.190000	3.369309	0.295439
5.200000	3.372263	0.295180
5.210000	3.375215	0.294921
5.220000	3.378165	0.294663
5.230000	3.381111	0.294406
5.240000	3.384055	0.294150
5.250000	3.386997	0.293894
5.260000	3.389936	0.293639
5.270000	3.392872	0.293385
5.280000	3.395806	0.293131
5.290000	3.398737	0.292878
5.300000	3.401666	0.292626
5.310000	3.404592	0.292374
5.320000	3.407516	0.292123
5.330000	3.410437	0.291873
5.340000	3.413356	0.291623
5.350000	3.416272	0.291374
5.360000	3.419186	0.291125
5.370000	3.422097	0.290877
5.380000	3.425006	0.290630
5.390000	3.427912	0.290383
5.400000	3.430816	0.290137
5.410000	3.433717	0.289892
5.420000	3.436616	0.289647
5.430000	3.439513	0.289403
5.440000	3.442407	0.289160
5.450000	3.445298	0.288917
5.460000	3.448188	0.288675
5.470000	3.451074	0.288433
5.480000	3.453959	0.288192
5.490000	3.456841	0.287951
5.500000	3.459720	0.287712
5.510000	3.462597	0.287472
5.520000	3.465472	0.287234
5.530000	3.468344	0.286996
5.540000	3.471214	0.286758
5.550000	3.474082	0.286521
5.560000	3.476947	0.286285
5.570000	3.479810	0.286049
5.580000	3.482670	0.285814
5.590000	3.485529	0.285579
5.600000	3.488384	0.285345
5.610000	3.491238	0.285112
5.620000	3.494089	0.284879
5.630000	3.496938	0.284647
5.640000	3.499784	0.284415
5.650000	3.502628	0.284184
5.660000	3.505470	0.283954
5.670000	3.508310	0.283724
5.680000	3.511147	0.283494
5.690000	3.513982	0.283265
5.700000	3.516815	0.283037
5.710000	3.519645	0.282809
5.720000	3.522473	0.282582
5.730000	3.525299	0.282355
5.740000	3.528122	0.282129
5.750000	3.530944	0.281903
5.760000	3.533763	0.281678
5.770000	3.536579	0.281454
5.780000	3.539394	0.281230
5.790000	3.542206	0.281006
5.800000	3.545016	0.280783
5.810000	3.547824	0.280561
5.820000	3.550630	0.280339
5.830000	3.553433	0.280118
5.840000	3.556234	0.279897
5.850000	3.559033	0.279677
5.860000	3.561830	0.279457
5.870000	3.564625	0.279238
5.880000	3.567417	0.279019
5.890000	3.570207	0.278801
5.900000	3.572995	0.278583
5.910000	3.575781	0.278366
5.920000	3.578565	0.278149
5.930000	3.581346	0.277933
5.940000	3.584126	0.277717
5.950000	3.586903	0.277502
5.960000	3.589678	0.277287
5.970000	3.592451	0.277073
5.980000	3.595221	0.276859
5.990000	3.597990	0.276646
6.000000	3.600756	0.276433
6.010000	3.603521	0.276221
6.020000	3.606283	0.276009
6.030000	3.609043	0.275798
6.040000	3.611801	0.275587
6.050000	3.614557	0.275377
6.060000	3.617311	0.275167
6.070000	3.620062	0.274958
6.080000	3.622812	0.274749
6.090000	3.625559	0.274541
6.100000	3.628305	0.274333
6.110000	3.631048	0.274126
6.120000	3.633789	0.273919
6.130000	3.636529	0.273712
6.140000	3.639266	0.273506
6.150000	3.642001	0.273301
6.160000	3.644734	0.273095
6.170000	3.647465	0.272891
6.180000	3.650194	0.272687
6.190000	3.652921	0.272483
6.200000	3.655645	0.272280
6.210000	3.658368	0.272077
6.220000	3.661089	0.271875
6.230000	3.663808	0.271673
6.240000	3.666524	0.271471
6.250000	3.669239	0.271270
6.260000	3.671952	0.271070
6.270000	3.674663	0.270870
6.280000	3.677371	0.270670
6.290000	3.680078	0.270471
6.300000	3.682783	0.270272
6.310000	3.685485	0.270074
6.320000	3.688186	0.269876
6.330000	3.690885	0.269678
6.340000	3.693582	0.269481
6.350000	3.696276	0.269285
6.360000	3.698969	0.269088
6.370000	3.701660	0.268893
6.380000	3.704349	0.268697
6.390000	3.707036	0.268502
6.400000	3.709721	0.268308
6.410000	3.712404	0.268114
6.420000	3.715085	0.267920
6.430000	3.717764	0.267727
6.440000	3.720442	0.267534
6.450000	3.723117	0.267342
6.460000	3.725791	0.267150
6.470000	3.728462	0.266958
6.480000	3.731132	0.266767
6.490000	3.733799	0.266576
6.500000	3.736465	0.266386
6.510000	3.739129	0.266196
6.520000	3.741791	0.266007
6.530000	3.744451	0.265818
6.540000	3.747109	0.265629
6.550000	3.749765	0.265441
6.560000	3.752420	0.265253
6.570000	3.755072	0.265065
6.580000	3.757723	0.264878
6.590000	3.760372	0.264691
6.600000	3.763019	0.264505
6.610000	3.765664	0.264319
6.620000	3.768307	0.264134
6.630000	3.770948	0.263948
6.640000	3.773588	0.263764
6.650000	3.776225	0.263579
6.660000	3.778861	0.263395
6.670000	3.781495	0.263212
6.680000	3.784127	0.263029
6.690000	3.786757	0.262846
6.700000	3.789386	0.262663
6.710000	3.792013	0.262481
6.720000	3.794637	0.262299
6.730000	3.797260	0.262118
6.740000	3.799882	0.261937
6.750000	3.802501	0.261757
6.760000	3.805119	0.261576
6.770000	3.807734	0.261397
6.780000	3.810348	0.261217
6.790000	3.812960	0.261038
6.800000	3.815571	0.260859
6.810000	3.818179	0.260681
6.820000	3.820786	0.260503
6.830000	3.823391	0.260326
6.840000	3.825994	0.260148
6.850000	3.828596	0.259971
6.860000	3.831196	0.259795
6.870000	3.833794	0.259619
6.880000	3.836390	0.259443
6.890000	3.838984	0.259267
6.900000	3.841577	0.259092
6.910000	3.844168	0.258918
6.920000	3.846757	0.258743
6.930000	3.849344	0.258569
6.940000	3.851930	0.258395
6.950000	3.854514	0.258222
6.960000	3.857096	0.258049
6.970000	3.859677	0.257876
6.980000	3.862256	0.257704
6.990000	3.864833	0.257532
7.000000	3.867408	0.257361
7.010000	3.869982	0.257189
7.020000	3.872553	0.257018
7.030000	3.875124	0.256848
7.040000	3.877692	0.256678
7.050000	3.880259	0.256508
7.060000	3.882824	0.256338
7.070000	3.885387	0.256169
7.080000	3.887949	0.256000
7.090000	3.890509	0.255831
7.100000	3.893067	0.255663
7.110000	3.895624	0.255495
7.120000	3.898179	0.255328
7.130000	3.900732	0.255161
7.140000	3.903284	0.254994
7.150000	3.905834	0.254827
7.160000	3.908382	0.254661
7.170000	3.910929	0.254495
7.180000	3.913474	0.254329
7.190000	3.916017	0.254164
7.200000	3.918559	0.253999
7.210000	3.921099	0.253834
7.220000	3.923637	0.253670
7.230000	3.926174	0.253506
7.240000	3.928709	0.253342
7.250000	3.931242	0.253179
7.260000	3.933774	0.253016
7.270000	3.936304	0.252853
7.280000	3.938833	0.252691
7.290000	3.941359	0.252529
7.300000	3.943885	0.252367
7.310000	3.946408	0.252205
7.320000	3.948930	0.252044
7.330000	3.951451	0.251883
7.340000	3.953970	0.251723
7.350000	3.956487	0.251563
7.360000	3.959003	0.251403
7.370000	3.961517	0.251243
7.380000	3.964029	0.251084
7.390000	3.966540	0.250925
7.400000	3.969049	0.250766
7.410000	3.971557	0.250607
7.420000	3.974063	0.250449
7.430000	3.976567	0.250291
7.440000	3.979070	0.250134
7.450000	3.981572	0.249977
7.460000	3.984071	0.249820
7.470000	3.986570	0.249663
7.480000	3.989066	0.249507
7.490000	3.991561	0.249351
7.500000	3.994055	0.249195
7.510000	3.996547	0.249039
7.520000	3.999037	0.248884
7.530000	4.001526	0.248729
7.540000	4.004013	0.248575
7.550000	4.006499	0.248420
7.560000	4.008983	0.248266
7.570000	4.011466	0.248113
7.580000	4.013947	0.247959
7.590000	4.016427	0.247806
7.600000	4.018905	0.247653
7.610000	4.021381	0.247500
7.620000	4.023856	0.247348
7.630000	4.026330	0.247196
7.640000	4.028802	0.247044
7.650000	4.031272	0.246893
7.660000	4.033741	0.246742
7.670000	4.036208	0.246591
7.680000	4.038674	0.246440
7.690000	4.041139	0.246290
7.700000	4.043602	0.246140
7.710000	4.046063	0.245990
7.720000	4.048523	0.245840
7.730000	4.050981	0.245691
7.740000	4.053438	0.245542
7.750000	4.055894	0.245393
7.760000	4.058348	0.245245
7.770000	4.060800	0.245096
7.780000	4.063251	0.244949
7.790000	4.065700	0.244801
7.800000	4.068148	0.244653
7.810000	4.070595	0.244506
7.820000	4.073040	0.244359
7.830000	4.075484	0.244213
7.840000	4.077926	0.244067
7.850000	4.080366	0.243920
7.860000	4.082806	0.243775
7.870000	4.085243	0.243629
7.880000	4.087680	0.243484
7.890000	4.090115	0.243339
7.900000	4.092548	0.243194
7.910000	4.094980	0.243049
7.920000	4.097410	0.242905
7.930000	4.099839	0.242761
7.940000	4.102267	0.242617
7.950000	4.104693	0.242474
7.960000	4.107118	0.242331
7.970000	4.109541	0.242188
7.980000	4.111963	0.242045
7.990000	4.114384	0.241903
8.000000	4.116803	0.241760
8.010000	4.119220	0.241618
8.020000	4.121636	0.241477
8.030000	4.124051	0.241335
8.040000	4.126464	0.241194
8.050000	4.128876	0.241053
8.060000	4.131287	0.240912
8.070000	4.133696	0.240772
8.080000	4.136104	0.240632
8.090000	4.138510	0.240492
8.100000	4.140915	0.240352
8.110000	4.143319	0.240212
8.120000	4.145721	0.240073
8.130000	4.148121	0.239934
8.140000	4.150521	0.239795
8.150000	4.152919	0.239657
8.160000	4.155315	0.239518
8.170000	4.157710	0.239380
8.180000	4.160104	0.239242
8.190000	4.162497	0.239105
8.200000	4.164888	0.238968
8.210000	4.167277	0.238830
8.220000	4.169666	0.238694
8.230000	4.172053	0.238557
8.240000	4.174438	0.238420
8.250000	4.176822	0.238284
8.260000	4.179205	0.238148
8.270000	4.181587	0.238013
8.280000	4.183967	0.237877
8.290000	4.186346	0.237742
8.300000	4.188723	0.237607
8.310000	4.191099	0.237472
8.320000	4.193474	0.237338
8.330000	4.195847	0.237203
8.340000	4.198219	0.237069
8.350000	4.200590	0.236935
8.360000	4.202959	0.236802
8.370000	4.205327	0.236668
8.380000	4.207694	0.236535
8.390000	4.210059	0.236402
8.400000	4.212423	0.236269
8.410000	4.214786	0.236137
8.420000	4.217147	0.236005
8.430000	4.219507	0.235872
8.440000	4.221866	0.235741
8.450000	4.224224	0.235609
8.460000	4.226580	0.235478
8.470000	4.228934	0.235346
8.480000	4.231288	0.235215
8.490000	4.233640	0.235085
8.500000	4.235991	0.234954
8.510000	4.238340	0.234824
8.520000	4.240689	0.234694
8.530000	4.243036	0.234564
8.540000	4.245381	0.234434
8.550000	4.247726	0.234305
8.560000	4.250069	0.234175
8.570000	4.252410	0.234046
8.580000	4.254751	0.233918
8.590000	4.257090	0.233789
8.600000	4.259428	0.233661
8.610000	4.261765	0.233532
8.620000	4.264100	0.233404
8.630000	4.266434	0.233277
8.640000	4.268767	0.233149
8.650000	4.271098	0.233022
8.660000	4.273428	0.232895
8.670000	4.275757	0.232768
8.680000	4.278085	0.232641
8.690000	4.280411	0.232514
8.700000	4.282737	0.232388
8.710000	4.285060	0.232262
8.720000	4.287383	0.232136
8.730000	4.289704	0.232011
8.740000	4.292025	0.231885
8.750000	4.294343	0.231760
8.760000	4.296661	0.231635
8.770000	4.298977	0.231510
8.780000	4.301292	0.231385
8.790000	4.303606	0.231261
8.800000	4.305919	0.231136
8.810000	4.308230	0.231012
8.820000	4.310540	0.230888
8.830000	4.312849	0.230765
8.840000	4.315157	0.230641
8.850000	4.317463	0.230518
8.860000	4.319768	0.230395
8.870000	4.322072	0.230272
8.880000	4.324375	0.230149
8.890000	4.326677	0.230027
8.900000	4.328977	0.229905
8.910000	4.331276	0.229782
8.920000	4.333574	0.229661
8.930000	4.335870	0.229539
8.940000	4.338166	0.229417
8.950000	4.340460	0.229296
8.960000	4.342753	0.229175
8.970000	4.345045	0.229054
8.980000	4.347335	0.228933
8.990000	4.349625	0.228813
9.000000	4.351913	0.228692
9.010000	4.354200	0.228572
9.020000	4.356485	0.228452
9.030000	4.358770	0.228332
9.040000	4.361053	0.228213
9.050000	4.363335	0.228093
9.060000	4.365616	0.227974
9.070000	4.367896	0.227855
9.080000	4.370175	0.227736
9.090000	4.372452	0.227617
9.100000	4.374728	0.227499
9.110000	4.377003	0.227381
9.120000	4.379277	0.227263
9.130000	4.381549	0.227145
9.140000	4.383821	0.227027
9.150000	4.386091	0.226909
9.160000	4.388360	0.226792
9.170000	4.390628	0.226675
9.180000	4.392895	0.226558
9.190000	4.395161	0.226441
9.200000	4.397425	0.226324
9.210000	4.399688	0.226208
9.220000	4.401950	0.226091
9.230000	4.404211	0.225975
9.240000	4.406471	0.225859
9.250000	4.408730	0.225744
9.260000	4.410987	0.225628
9.270000	4.413243	0.225513
9.280000	4.415498	0.225397
9.290000	4.417752	0.225282
9.300000	4.420005	0.225167
9.310000	4.422257	0.225053
9.320000	4.424507	0.224938
9.330000	4.426757	0.224824
9.340000	4.429005	0.224710
9.350000	4.431252	0.224596
9.360000	4.433498	0.224482
9.370000	4.435743	0.224368
9.380000	4.437987	0.224255
9.390000	4.440229	0.224141
9.400000	4.442470	0.224028
9.410000	4.444711	0.223915
9.420000	4.446950	0.223802
9.430000	4.449188	0.223690
9.440000	4.451425	0.223577
9.450000	4.453661	0.223465
9.460000	4.455895	0.223353
9.470000	4.458129	0.223241
9.480000	4.460361	0.223129
9.490000	4.462592	0.223017
9.500000	4.464823	0.222906
9.510000	4.467052	0.222795
9.520000	4.469280	0.222684
9.530000	4.471506	0.222573
9.540000	4.473732	0.222462
9.550000	4.475957	0.222351
9.560000	4.478180	0.222241
9.570000	4.480403	0.222130
9.580000	4.482624	0.222020
9.590000	4.484844	0.221910
9.600000	4.487063	0.221801
9.610000	4.489281	0.221691
9.620000	4.491498	0.221581
9.630000	4.493714	0.221472
9.640000	4.495929	0.221363
9.650000	4.498142	0.221254
9.660000	4.500355	0.221145
9.670000	4.502566	0.221037
9.680000	4.504777	0.220928
9.690000	4.506986	0.220820
9.700000	4.509194	0.220711
9.710000	4.511401	0.220603
9.720000	4.513607	0.220496
9.730000	4.515812	0.220388
9.740000	4.518016	0.220280
9.750000	4.520219	0.220173
9.760000	4.522421	0.220066
9.770000	4.524621	0.219959
9.780000	4.526821	0.219852
9.790000	4.529020	0.219745
9.800000	4.531217	0.219638
9.810000	4.533413	0.219532
9.820000	4.535609	0.219425
9.830000	4.537803	0.219319
9.840000	4.539996	0.219213
9.850000	4.542188	0.219107
9.860000	4.544379	0.219002
9.870000	4.546569	0.218896
9.880000	4.548758	0.218791
9.890000	4.550946	0.218686
9.900000	4.553133	0.218581
9.910000	4.555319	0.218476
9.920000	4.557504	0.218371
9.930000	4.559687	0.218266
9.940000	4.561870	0.218162
9.950000	4.564052	0.218057
9.960000	4.566232	0.217953
9.970000	4.568412	0.217849
9.980000	4.570590	0.217745
9.990000	4.572768	0.217642
