0.000000000000000000e+00 1.000000000000000000e+00 1.201200000000000045e+01
1.000000000000000021e-03 1.011940709675291483e+00 1.187026066268631475e+01
2.000000000000000042e-03 1.023742154941127636e+00 1.173342324548288929e+01
3.000000000000000062e-03 1.035409097755721985e+00 1.160121156307656065e+01
4.000000000000000083e-03 1.046946034728096109e+00 1.147337073570490062e+01
5.000000000000000104e-03 1.058357217368311121e+00 1.134966512154121432e+01
6.000000000000000125e-03 1.069646670393042065e+00 1.122987648914990899e+01
7.000000000000000146e-03 1.080818208309980433e+00 1.111380239775005130e+01
8.000000000000000167e-03 1.091875450474828702e+00 1.100125475792639307e+01
9.000000000000001055e-03 1.102821834789373456e+00 1.089205854950124674e+01
1.000000000000000021e-02 1.113660630187600864e+00 1.078605067668060435e+01
1.099999999999999936e-02 1.124394948038391684e+00 1.068307894343603692e+01
1.200000000000000025e-02 1.135027752577524307e+00 1.058300113447836210e+01
1.300000000000000114e-02 1.145561870468113419e+00 1.048568418919921186e+01
1.400000000000000029e-02 1.155999999576862169e+00 1.039100345766660638e+01
1.499999999999999944e-02 1.166344717043341639e+00 1.029884202921277847e+01
1.600000000000000033e-02 1.176598486710680014e+00 1.020909012538948168e+01
1.700000000000000122e-02 1.186763665978364468e+00 1.012164455012282360e+01
1.800000000000000211e-02 1.196842512131155667e+00 1.003640819080518476e+01
1.899999999999999953e-02 1.206837188192246835e+00 9.953289564839836956e+00
2.000000000000000042e-02 1.216749768343663662e+00 9.872202406824118981e+00
2.100000000000000130e-02 1.226582242952379165e+00 9.793065292135915811e+00
2.199999999999999872e-02 1.236336523236643226e+00 9.715801293189466392e+00
2.299999999999999961e-02 1.246014445603510712e+00 9.640337665061604611e+00
2.400000000000000050e-02 1.255617775685449189e+00 9.566605557568005125e+00
2.500000000000000139e-02 1.265148212101158132e+00 9.494539751199020827e+00
2.600000000000000228e-02 1.274607389963281934e+00 9.424078414613131116e+00
2.699999999999999969e-02 1.283996884153532081e+00 9.355162881638463546e+00
2.800000000000000058e-02 1.293318212383793853e+00 9.287737445954505233e+00
2.900000000000000147e-02 1.302572838060069405e+00 9.221749171820905033e+00
2.999999999999999889e-02 1.311762172964555218e+00 9.157147719391902640e+00
3.099999999999999978e-02 1.320887579769775888e+00 9.093885183306362308e+00
3.200000000000000067e-02 1.329950374397451007e+00 9.031915943377290645e+00
3.300000000000000155e-02 1.338951828233656771e+00 8.971196526323375053e+00
3.400000000000000244e-02 1.347893170210837210e+00 8.911685477590241433e+00
3.500000000000000333e-02 1.356775588766321539e+00 8.853343242402710089e+00
3.600000000000000422e-02 1.365600233686183218e+00 8.796132055272538608e+00
3.699999999999999817e-02 1.374368217842538931e+00 8.740015837260335374e+00
3.799999999999999906e-02 1.383080618831719288e+00 8.684960100356672541e+00
3.899999999999999994e-02 1.391738480520137822e+00 8.630931858406594159e+00
4.000000000000000083e-02 1.400342814504137445e+00 8.577899544054833569e+00
4.100000000000000172e-02 1.408894601489591336e+00 8.525832931236667633e+00
4.200000000000000261e-02 1.417394792596587072e+00 8.474703062781987484e+00
4.300000000000000350e-02 1.425844310594104325e+00 8.424482182738726621e+00
4.399999999999999745e-02 1.434244051069225590e+00 8.375143673056275162e+00
4.499999999999999833e-02 1.442594883535072592e+00 8.326661994300783576e+00
4.599999999999999922e-02 1.450897652481347055e+00 8.279012630102394965e+00
4.700000000000000011e-02 1.459153178371068726e+00 8.232172035059928561e+00
4.800000000000000100e-02 1.467362258586844437e+00 8.186117585851519607e+00
4.900000000000000189e-02 1.475525668329749296e+00 8.140827535320664055e+00
5.000000000000000278e-02 1.483644161473695933e+00 8.096280969325970744e+00
5.100000000000000366e-02 1.491718471377952548e+00 8.052457766160166841e+00
5.200000000000000455e-02 1.499749311660289797e+00 8.009338558359495153e+00
5.299999999999999850e-02 1.507737376933061979e+00 7.966904696738844827e+00
5.399999999999999939e-02 1.515683343504374836e+00 7.925138216500945632e+00
5.500000000000000028e-02 1.523587870046338333e+00 7.884021805279720851e+00
5.600000000000000117e-02 1.531451598232276501e+00 7.843538772988691399e+00
5.700000000000000205e-02 1.539275153344639824e+00 7.803673023355156779e+00
5.800000000000000294e-02 1.547059144855245316e+00 7.764409027029888222e+00
5.900000000000000383e-02 1.554804166979373736e+00 7.725731796170300036e+00
5.999999999999999778e-02 1.562510799205145462e+00 7.687626860402626328e+00
6.099999999999999867e-02 1.570179606799513294e+00 7.650080244075539326e+00
6.199999999999999956e-02 1.577811141292117636e+00 7.613078444724006744e+00
6.300000000000000044e-02 1.585405940938180880e+00 7.576608412668009329e+00
6.400000000000000133e-02 1.592964531161539687e+00 7.540657531676133729e+00
6.500000000000000222e-02 1.600487424978842332e+00 7.505213600628944270e+00
6.600000000000000311e-02 1.607975123405887885e+00 7.470264816121627405e+00
6.700000000000000400e-02 1.615428115847011625e+00 7.435799755949567214e+00
6.800000000000000488e-02 1.622846880468375108e+00 7.401807363424379282e+00
6.900000000000000577e-02 1.630231884555970678e+00 7.368276932471495400e+00
7.000000000000000666e-02 1.637583584859089836e+00 7.335198093463689339e+00
7.100000000000000755e-02 1.644902427919978871e+00 7.302560799747965348e+00
7.200000000000000844e-02 1.652188850390351238e+00 7.270355314826069559e+00
7.299999999999999545e-02 1.659443279335389931e+00 7.238572200151463854e+00
7.399999999999999634e-02 1.666666132525841615e+00 7.207202303508039698e+00
7.499999999999999722e-02 1.673857818718766710e+00 7.176236747938081528e+00
7.599999999999999811e-02 1.681018737927479689e+00 7.145666921189051557e+00
7.699999999999999900e-02 1.688149281681181613e+00 7.115484465650715684e+00
7.799999999999999989e-02 1.695249833274767193e+00 7.085681268755908313e+00
7.900000000000000078e-02 1.702320768009250251e+00 7.056249453819897433e+00
8.000000000000000167e-02 1.709362453423240558e+00 7.027181371294870971e+00
8.100000000000000255e-02 1.716375249515872614e+00 6.998469590417474961e+00
8.200000000000000344e-02 1.723359508961570530e+00 6.970106891228714296e+00
8.300000000000000433e-02 1.730315577317008247e+00 6.942086256946752520e+00
8.400000000000000522e-02 1.737243793220615284e+00 6.914400866674299984e+00
8.500000000000000611e-02 1.744144488584945973e+00 6.887044088423403210e+00
8.600000000000000699e-02 1.751017988782229695e+00 6.860009472441412903e+00
8.700000000000000788e-02 1.757864612823387018e+00 6.833290744822903662e+00
8.799999999999999489e-02 1.764684673530797498e+00 6.806881801393167564e+00
8.899999999999999578e-02 1.771478477705079380e+00 6.780776701849737798e+00
8.999999999999999667e-02 1.778246326286136325e+00 6.754969664149185427e+00
9.099999999999999756e-02 1.784988514508707214e+00 6.729455059127134930e+00
9.199999999999999845e-02 1.791705332052647259e+00 6.704227405340149382e+00
9.299999999999999933e-02 1.798397063188159173e+00 6.679281364118728526e+00
9.400000000000000022e-02 1.805063986916177754e+00 6.654611734821301638e+00
9.500000000000000111e-02 1.811706377104104870e+00 6.630213450279632603e+00
9.600000000000000200e-02 1.818324502617081118e+00 6.606081572426576010e+00
9.700000000000000289e-02 1.824918627444974684e+00 6.582211288097608914e+00
9.800000000000000377e-02 1.831489010825253283e+00 6.558597904998065609e+00
9.900000000000000466e-02 1.838035907361904142e+00 6.535236847828359785e+00
1.000000000000000056e-01 1.844559567140554579e+00 6.512123654559964336e+00
1.010000000000000064e-01 1.851060235839941503e+00 6.489253972855251185e+00
1.020000000000000073e-01 1.857538154839869282e+00 6.466623556624667479e+00
1.030000000000000082e-01 1.863993561325791859e+00 6.444228262715071764e+00
1.040000000000000091e-01 1.870426688390145920e+00 6.422064047723364588e+00
1.049999999999999961e-01 1.876837765130556557e+00 6.400126964929842011e+00
1.059999999999999970e-01 1.883227016745036675e+00 6.378413161345999782e+00
1.069999999999999979e-01 1.889594664624287601e+00 6.356918874871775316e+00
1.079999999999999988e-01 1.895940926441209484e+00 6.335640431557455265e+00
1.089999999999999997e-01 1.902266016237724289e+00 6.314574242965734996e+00
1.100000000000000006e-01 1.908570144509010635e+00 6.293716803629620493e+00
1.110000000000000014e-01 1.914853518285239975e+00 6.273064688602094208e+00
1.120000000000000023e-01 1.921116341210909351e+00 6.252614551093651052e+00
1.130000000000000032e-01 1.927358813621851574e+00 6.232363120193994632e+00
1.140000000000000041e-01 1.933581132620010301e+00 6.212307198674391628e+00
1.150000000000000050e-01 1.939783492146054833e+00 6.192443660867321675e+00
1.160000000000000059e-01 1.945966083049911921e+00 6.172769450620225307e+00
1.170000000000000068e-01 1.952129093159286954e+00 6.153281579320320382e+00
1.180000000000000077e-01 1.958272707346245367e+00 6.133977123987576441e+00
1.190000000000000085e-01 1.964397107591918656e+00 6.114853225433096284e+00
1.199999999999999956e-01 1.970502473049401848e+00 6.095907086480260695e+00
1.209999999999999964e-01 1.976588980104900362e+00 6.077135970246129837e+00
1.219999999999999973e-01 1.982656802437189558e+00 6.058537198480698827e+00
1.229999999999999982e-01 1.988706111075440042e+00 6.040108149961724848e+00
1.239999999999999991e-01 1.994737074455465109e+00 6.021846258942938235e+00
1.250000000000000000e-01 2.000749858474442977e+00 6.003749013653556510e+00
1.260000000000000009e-01 2.006744626544161747e+00 5.985813954847094109e+00
1.270000000000000018e-01 2.012721539642838842e+00 5.968038674397591059e+00
1.280000000000000027e-01 2.018680756365557105e+00 5.950420813941418530e+00
1.290000000000000036e-01 2.024622432973369079e+00 5.932958063562923101e+00
1.300000000000000044e-01 2.030546723441102319e+00 5.915648160522268384e+00
1.310000000000000053e-01 2.036453779503919037e+00 5.898488888023853072e+00
1.320000000000000062e-01 2.042343750702658056e+00 5.881478074023809732e+00
1.330000000000000071e-01 2.048216784428009696e+00 5.864613590075110849e+00
1.340000000000000080e-01 2.054073025963545351e+00 5.847893350208898333e+00
1.350000000000000089e-01 2.059912618527655059e+00 5.831315309850691797e+00
1.360000000000000098e-01 2.065735703314412586e+00 5.814877464770211724e+00
1.370000000000000107e-01 2.071542419533408008e+00 5.798577850063571404e+00
1.380000000000000115e-01 2.077332904448578876e+00 5.782414539166691902e+00
1.390000000000000124e-01 2.083107293416067929e+00 5.766385642898789854e+00
1.400000000000000133e-01 2.088865719921140673e+00 5.750489308534874056e+00
1.410000000000000142e-01 2.094608315614191696e+00 5.734723718906210799e+00
1.420000000000000151e-01 2.100335210345858794e+00 5.719087091527776501e+00
1.430000000000000160e-01 2.106046532201283572e+00 5.703577677751733077e+00
1.440000000000000169e-01 2.111742407533533150e+00 5.688193761946016558e+00
1.449999999999999900e-01 2.117422960996219850e+00 5.672933660697177416e+00
1.459999999999999909e-01 2.123088315575327290e+00 5.657795722036607522e+00
1.469999999999999918e-01 2.128738592620278869e+00 5.642778324689366798e+00
1.479999999999999927e-01 2.134373911874265506e+00 5.627879877344826198e+00
1.489999999999999936e-01 2.139994391503853066e+00 5.613098817948374730e+00
1.499999999999999944e-01 2.145600148127894791e+00 5.598433613013493293e+00
1.509999999999999953e-01 2.151191296845760714e+00 5.583882756953488347e+00
1.519999999999999962e-01 2.156767951264913386e+00 5.569444771432236152e+00
1.529999999999999971e-01 2.162330223527840989e+00 5.555118204733298981e+00
1.539999999999999980e-01 2.167878224338367854e+00 5.540901631146799566e+00
1.549999999999999989e-01 2.173412062987364557e+00 5.526793650373464040e+00
1.559999999999999998e-01 2.178931847377864273e+00 5.512792886945283577e+00
1.570000000000000007e-01 2.184437684049612471e+00 5.498897989662227204e+00
1.580000000000000016e-01 2.189929678203060615e+00 5.485107631044495058e+00
1.590000000000000024e-01 2.195407933722816729e+00 5.471420506799814731e+00
1.600000000000000033e-01 2.200872553200575510e+00 5.457835335305277980e+00
1.610000000000000042e-01 2.206323637957531503e+00 5.444350857103263053e+00
1.620000000000000051e-01 2.211761288066299347e+00 5.430965834410988791e+00
1.630000000000000060e-01 2.217185602372349074e+00 5.417679050643270600e+00
1.640000000000000069e-01 2.222596678514970669e+00 5.404489309948053766e+00
1.650000000000000078e-01 2.227994612947779451e+00 5.391395436754322645e+00
1.660000000000000087e-01 2.233379500958776909e+00 5.378396275332006482e+00
1.670000000000000095e-01 2.238751436689975005e+00 5.365490689363499932e+00
1.680000000000000104e-01 2.244110513156600373e+00 5.352677561526433259e+00
1.690000000000000113e-01 2.249456822265885947e+00 5.339955793087358238e+00
1.700000000000000122e-01 2.254790454835459368e+00 5.327324303506003389e+00
1.710000000000000131e-01 2.260111500611343249e+00 5.314782030049777894e+00
1.720000000000000140e-01 2.265420048285576637e+00 5.302327927418209796e+00
1.730000000000000149e-01 2.270716185513458107e+00 5.289960967377025369e+00
1.740000000000000158e-01 2.275999998930438473e+00 5.277680138401569465e+00
1.750000000000000167e-01 2.281271574168653338e+00 5.265484445329287055e+00
1.759999999999999898e-01 2.286530995873114591e+00 5.253372909021003956e+00
1.769999999999999907e-01 2.291778347717568831e+00 5.241344566030736729e+00
1.779999999999999916e-01 2.297013712420029830e+00 5.229398468283775081e+00
1.789999999999999925e-01 2.302237171757989476e+00 5.217533682762804936e+00
1.799999999999999933e-01 2.307448806583324519e+00 5.205749291201830609e+00
1.809999999999999942e-01 2.312648696836895557e+00 5.194044389787659810e+00
1.819999999999999951e-01 2.317836921562855590e+00 5.182418088868746331e+00
1.829999999999999960e-01 2.323013558922668143e+00 5.170869512671166568e+00
1.839999999999999969e-01 2.328178686208846049e+00 5.159397799021527398e+00
1.849999999999999978e-01 2.333332379858415795e+00 5.148002099076607330e+00
1.859999999999999987e-01 2.338474715466115406e+00 5.136681577059534654e+00
1.869999999999999996e-01 2.343605767797332096e+00 5.125435410002324055e+00
1.880000000000000004e-01 2.348725610800784125e+00 5.114262787494581630e+00
1.890000000000000013e-01 2.353834317620956185e+00 5.103162911438213101e+00
1.900000000000000022e-01 2.358931960610290535e+00 5.092134995807962028e+00
1.910000000000000031e-01 2.364018611341143217e+00 5.081178266417612832e+00
1.920000000000000040e-01 2.369094340617508454e+00 5.070291960691709399e+00
1.930000000000000049e-01 2.374159218486517009e+00 5.059475327442626735e+00
1.940000000000000058e-01 2.379213314249714717e+00 5.048727626652851797e+00
1.950000000000000067e-01 2.384256696474126969e+00 5.038048129262329589e+00
1.960000000000000075e-01 2.389289433003110030e+00 5.027436116960743107e+00
1.970000000000000084e-01 2.394311590967001191e+00 5.016890881984575223e+00
1.980000000000000093e-01 2.399323236793563296e+00 5.006411726918841509e+00
1.990000000000000102e-01 2.404324436218238770e+00 4.995997964503360755e+00
2.000000000000000111e-01 2.409315254294207787e+00 4.985648917443429085e+00
2.010000000000000120e-01 2.414295755402261268e+00 4.975363918224802617e+00
2.020000000000000129e-01 2.419266003260490461e+00 4.965142308932855464e+00
2.030000000000000138e-01 2.424226060933798887e+00 4.954983441075809125e+00
2.040000000000000147e-01 2.429175990843235766e+00 4.944886675411920507e+00
2.050000000000000155e-01 2.434115854775165122e+00 4.934851381780533508e+00
2.060000000000000164e-01 2.439045713890260370e+00 4.924876938936882276e+00
2.070000000000000173e-01 2.443965628732340800e+00 4.914962734390560861e+00
2.080000000000000182e-01 2.448875659237047753e+00 4.905108164247540259e+00
2.089999999999999913e-01 2.453775864740360912e+00 4.895312633055670659e+00
2.099999999999999922e-01 2.458666303986965840e+00 4.885575553653557002e+00
2.109999999999999931e-01 2.463547035138470953e+00 4.875896347022728783e+00
2.119999999999999940e-01 2.468418115781476629e+00 4.866274442143017964e+00
2.129999999999999949e-01 2.473279602935503085e+00 4.856709275851068597e+00
2.139999999999999958e-01 2.478131553060778369e+00 4.847200292701886681e+00
2.149999999999999967e-01 2.482974022065888242e+00 4.837746944833369867e+00
2.159999999999999976e-01 2.487807065315291055e+00 4.828348691833715733e+00
2.169999999999999984e-01 2.492630737636706062e+00 4.819005000611673140e+00
2.179999999999999993e-01 2.497445093328367616e+00 4.809715345269530040e+00
2.190000000000000002e-01 2.502250186166157686e+00 4.800479206978787161e+00
2.200000000000000011e-01 2.507046069410612255e+00 4.791296073858453575e+00
2.210000000000000020e-01 2.511832795813812247e+00 4.782165440855886018e+00
2.220000000000000029e-01 2.516610417626149676e+00 4.773086809630122218e+00
2.230000000000000038e-01 2.521378986602984984e+00 4.764059688437640716e+00
2.240000000000000047e-01 2.526138554011186699e+00 4.755083592020478811e+00
2.250000000000000056e-01 2.530889170635562291e+00 4.746158041496680191e+00
2.260000000000000064e-01 2.535630886785180227e+00 4.737282564252974559e+00
2.270000000000000073e-01 2.540363752299586775e+00 4.728456693839673264e+00
2.280000000000000082e-01 2.545087816554916671e+00 4.719679969867700109e+00
2.290000000000000091e-01 2.549803128469904756e+00 4.710951937907723597e+00
2.300000000000000100e-01 2.554509736511793694e+00 4.702272149391329314e+00
2.310000000000000109e-01 2.559207688702148431e+00 4.693640161514188947e+00
2.320000000000000118e-01 2.563897032622572514e+00 4.685055537141179727e+00
2.330000000000000127e-01 2.568577815420329813e+00 4.676517844713403704e+00
2.340000000000000135e-01 2.573250083813875211e+00 4.668026658157063302e+00
2.350000000000000144e-01 2.577913884098295139e+00 4.659581556794150536e+00
2.360000000000000153e-01 2.582569262150659295e+00 4.651182125254911703e+00
2.370000000000000162e-01 2.587216263435286656e+00 4.642827953392034246e+00
2.380000000000000171e-01 2.591854933008923556e+00 4.634518636196530039e+00
2.390000000000000180e-01 2.596485315525842719e+00 4.626253773715260920e+00
2.399999999999999911e-01 2.601107455242858801e+00 4.618032970970086915e+00
2.409999999999999920e-01 2.605721396024261338e+00 4.609855837878575002e+00
2.419999999999999929e-01 2.610327181346673520e+00 4.601721989176262184e+00
2.429999999999999938e-01 2.614924854303831481e+00 4.593631044340412473e+00
2.439999999999999947e-01 2.619514457611288094e+00 4.585582627515244702e+00
2.449999999999999956e-01 2.624096033611043044e+00 4.577576367438599192e+00
2.459999999999999964e-01 2.628669624276100958e+00 4.569611897370005060e+00
2.469999999999999973e-01 2.633235271214956263e+00 4.561688855020118893e+00
2.479999999999999982e-01 2.637793015676012764e+00 4.553806882481509888e+00
2.489999999999999991e-01 2.642342898551927721e+00 4.545965626160748840e+00
2.500000000000000000e-01 2.646884960383895535e+00 4.538164736711784997e+00
2.510000000000000009e-01 2.651419241365859492e+00 4.530403868970570791e+00
2.520000000000000018e-01 2.655945781348663104e+00 4.522682681890920264e+00
2.530000000000000027e-01 2.660464619844137957e+00 4.515000838481554091e+00
2.540000000000000036e-01 2.664975796029124488e+00 4.507358005744327656e+00
2.550000000000000044e-01 2.669479348749437264e+00 4.499753854613599557e+00
2.560000000000000053e-01 2.673975316523765855e+00 4.492188059896725427e+00
2.570000000000000062e-01 2.678463737547519319e+00 4.484660300215644213e+00
2.580000000000000071e-01 2.682944649696612949e+00 4.477170257949540044e+00
2.590000000000000080e-01 2.687418090531195070e+00 4.469717619178554813e+00
2.600000000000000089e-01 2.691884097299322764e+00 4.462302073628525712e+00
2.610000000000000098e-01 2.696342706940578093e+00 4.454923314616730856e+00
2.620000000000000107e-01 2.700793956089634573e+00 4.447581038998616343e+00
2.630000000000000115e-01 2.705237881079768592e+00 4.440274947115483428e+00
2.640000000000000124e-01 2.709674517946317973e+00 4.433004742743126947e+00
2.650000000000000133e-01 2.714103902430094362e+00 4.425770133041384113e+00
2.660000000000000142e-01 2.718526069980739202e+00 4.418570828504593706e+00
2.670000000000000151e-01 2.722941055760035756e+00 4.411406542912938100e+00
2.680000000000000160e-01 2.727348894645170496e+00 4.404276993284648611e+00
2.690000000000000169e-01 2.731749621231947867e+00 4.397181899829053719e+00
2.700000000000000178e-01 2.736143269837957526e+00 4.390120985900471062e+00
2.710000000000000187e-01 2.740529874505696739e+00 4.383093977952890796e+00
2.720000000000000195e-01 2.744909469005648361e+00 4.376100605495471640e+00
2.730000000000000204e-01 2.749282086839313521e+00 4.369140601048805195e+00
2.740000000000000213e-01 2.753647761242201675e+00 4.362213700101947644e+00
2.750000000000000222e-01 2.758006525186778912e+00 4.355319641070199310e+00
2.760000000000000231e-01 2.762358411385370971e+00 4.348458165253610730e+00
2.770000000000000240e-01 2.766703452293029830e+00 4.341629016796210827e+00
2.780000000000000249e-01 2.771041680110356786e+00 4.334831942645934078e+00
2.790000000000000258e-01 2.775373126786286893e+00 4.328066692515236014e+00
2.800000000000000266e-01 2.779697824020832542e+00 4.321333018842386409e+00
2.810000000000000275e-01 2.784015803267792855e+00 4.314630676753416161e+00
2.820000000000000284e-01 2.788327095737420436e+00 4.307959424024716100e+00
2.830000000000000293e-01 2.792631732399053490e+00 4.301319021046272617e+00
2.840000000000000302e-01 2.796929743983713301e+00 4.294709230785514364e+00
2.850000000000000311e-01 2.801221160986662628e+00 4.288129818751779787e+00
2.860000000000000320e-01 2.805506013669928134e+00 4.281580552961376185e+00
2.870000000000000329e-01 2.809784332064792611e+00 4.275061203903222307e+00
2.880000000000000338e-01 2.814056145974251244e+00 4.268571544505068260e+00
2.889999999999999791e-01 2.818321484975431002e+00 4.262111350100279417e+00
2.899999999999999800e-01 2.822580378421982950e+00 4.255680398395160324e+00
2.909999999999999809e-01 2.826832855446435477e+00 4.249278469436838179e+00
2.919999999999999818e-01 2.831078944962523103e+00 4.242905345581656107e+00
2.929999999999999827e-01 2.835318675667477528e+00 4.236560811464102905e+00
2.939999999999999836e-01 2.839552076044291162e+00 4.230244653966241053e+00
2.949999999999999845e-01 2.843779174363950002e+00 4.223956662187640099e+00
2.959999999999999853e-01 2.847999998687635870e+00 4.217696627415799426e+00
2.969999999999999862e-01 2.852214576868900231e+00 4.211464343097050644e+00
2.979999999999999871e-01 2.856422936555807812e+00 4.205259604807929819e+00
2.989999999999999880e-01 2.860625105193054019e+00 4.199082210227022216e+00
2.999999999999999889e-01 2.864821110024051709e+00 4.192931959107242257e+00
3.009999999999999898e-01 2.869010978092992215e+00 4.186808653248577983e+00
3.019999999999999907e-01 2.873194736246878822e+00 4.180712096471259187e+00
3.029999999999999916e-01 2.877372411137536279e+00 4.174642094589363417e+00
3.039999999999999925e-01 2.881544029223586989e+00 4.168598455384830537e+00
3.049999999999999933e-01 2.885709616772410335e+00 4.162580988581901842e+00
3.059999999999999942e-01 2.889869199862069582e+00 4.156589505821957964e+00
3.069999999999999951e-01 2.894022804383217906e+00 4.150623820638753791e+00
3.079999999999999960e-01 2.898170456040978671e+00 4.144683748434045079e+00
3.089999999999999969e-01 2.902312180356800386e+00 4.138769106453596969e+00
3.099999999999999978e-01 2.906448002670289021e+00 4.132879713763569107e+00
3.109999999999999987e-01 2.910577948141018112e+00 4.127015391227265795e+00
3.119999999999999996e-01 2.914702041750313555e+00 4.121175961482252958e+00
3.130000000000000004e-01 2.918820308303016642e+00 4.115361248917824177e+00
3.140000000000000013e-01 2.922932772429223558e+00 4.109571079652824643e+00
3.150000000000000022e-01 2.927039458586005338e+00 4.103805281513808190e+00
3.160000000000000031e-01 2.931140391059105177e+00 4.098063684013532715e+00
3.170000000000000040e-01 2.935235593964612644e+00 4.092346118329792226e+00
3.180000000000000049e-01 2.939325091250619693e+00 4.086652417284560634e+00
3.190000000000000058e-01 2.943408906698852245e+00 4.080982415323465951e+00
3.200000000000000067e-01 2.947487063926287121e+00 4.075335948495571792e+00
3.210000000000000075e-01 2.951559586386741874e+00 4.069712854433464422e+00
3.220000000000000084e-01 2.955626497372451311e+00 4.064112972333640883e+00
3.230000000000000093e-01 2.959687820015620474e+00 4.058536142937199109e+00
3.240000000000000102e-01 2.963743577289959408e+00 4.052982208510808704e+00
3.250000000000000111e-01 2.967793792012200615e+00 4.047451012827977479e+00
3.260000000000000120e-01 2.971838486843595195e+00 4.041942401150593334e+00
3.270000000000000129e-01 2.975877684291392544e+00 4.036456220210740575e+00
3.280000000000000138e-01 2.979911406710301858e+00 4.030992318192792467e+00
3.290000000000000147e-01 2.983939676303937194e+00 4.025550544715761347e+00
3.300000000000000155e-01 2.987962515126239005e+00 4.020130750815919640e+00
3.310000000000000164e-01 2.991979945082886339e+00 4.014732788929668672e+00
3.320000000000000173e-01 2.995991987932689060e+00 4.009356512876666834e+00
3.330000000000000182e-01 2.999998665288959199e+00 4.004001777843200216e+00
3.340000000000000191e-01 3.003999998620873413e+00 3.998668440365803267e+00
3.350000000000000200e-01 3.007996009254812808e+00 3.993356358315110821e+00
3.360000000000000209e-01 3.011986718375688987e+00 3.988065390879952599e+00
3.370000000000000218e-01 3.015972147028255446e+00 3.982795398551675081e+00
3.380000000000000226e-01 3.019952316118402091e+00 3.977546243108690316e+00
3.390000000000000235e-01 3.023927246414432890e+00 3.972317787601250760e+00
3.400000000000000244e-01 3.027896958548333739e+00 3.967109896336442176e+00
3.410000000000000253e-01 3.031861473017018582e+00 3.961922434863391462e+00
3.420000000000000262e-01 3.035820810183565754e+00 3.956755269958688981e+00
3.430000000000000271e-01 3.039774990278437894e+00 3.951608269612018276e+00
3.440000000000000280e-01 3.043724033400687201e+00 3.946481303011989183e+00
3.450000000000000289e-01 3.047667959519150038e+00 3.941374240532175666e+00
3.460000000000000298e-01 3.051606788473621545e+00 3.936286953717350379e+00
3.470000000000000306e-01 3.055540539976023151e+00 3.931219315269914638e+00
3.480000000000000315e-01 3.059469233611549210e+00 3.926171199036518011e+00
3.490000000000000324e-01 3.063392888839809647e+00 3.921142479994870200e+00
3.500000000000000333e-01 3.067311524995951277e+00 3.916133034240733668e+00
3.510000000000000342e-01 3.071225161291771144e+00 3.911142738975104116e+00
3.519999999999999796e-01 3.075133816816813415e+00 3.906171472491565932e+00
3.529999999999999805e-01 3.079037510539457401e+00 3.901219114163824386e+00
3.539999999999999813e-01 3.082936261307990922e+00 3.896285544433412795e+00
3.549999999999999822e-01 3.086830087851673454e+00 3.891370644797569334e+00
3.559999999999999831e-01 3.090719008781782851e+00 3.886474297797282595e+00
3.569999999999999840e-01 3.094603042592655839e+00 3.881596387005500137e+00
3.579999999999999849e-01 3.098482207662712984e+00 3.876736797015502223e+00
3.589999999999999858e-01 3.102356522255473870e+00 3.871895413429433663e+00
3.599999999999999867e-01 3.106226004520558526e+00 3.867072122846991977e+00
3.609999999999999876e-01 3.110090672494682629e+00 3.862266812854270537e+00
3.619999999999999885e-01 3.113950544102635831e+00 3.857479372012757146e+00
3.629999999999999893e-01 3.117805637158252541e+00 3.852709689848477836e+00
3.639999999999999902e-01 3.121655969365370709e+00 3.847957656841288987e+00
3.649999999999999911e-01 3.125501558318781292e+00 3.843223164414316440e+00
3.659999999999999920e-01 3.129342421505164396e+00 3.838506104923535389e+00
3.669999999999999929e-01 3.133178576304019636e+00 3.833806371647490163e+00
3.679999999999999938e-01 3.137010039988581411e+00 3.829123858777153888e+00
3.689999999999999947e-01 3.140836829726727064e+00 3.824458461405924492e+00
3.699999999999999956e-01 3.144658962581874828e+00 3.819810075519749493e+00
3.709999999999999964e-01 3.148476455513871120e+00 3.815178597987389786e+00
3.719999999999999973e-01 3.152289325379868945e+00 3.810563926550806890e+00
3.729999999999999982e-01 3.156097588935194320e+00 3.805965959815682531e+00
3.739999999999999991e-01 3.159901262834207802e+00 3.801384597242058572e+00
3.750000000000000000e-01 3.163700363631154477e+00 3.796819739135105731e+00
3.760000000000000009e-01 3.167494907781001956e+00 3.792271286636009986e+00
3.770000000000000018e-01 3.171284911640273041e+00 3.787739141712981983e+00
3.780000000000000027e-01 3.175070391467869513e+00 3.783223207152383694e+00
3.790000000000000036e-01 3.178851363425884813e+00 3.778723386549966978e+00
3.800000000000000044e-01 3.182627843580409177e+00 3.774239584302231609e+00
3.810000000000000053e-01 3.186399847902325444e+00 3.769771705597894762e+00
3.820000000000000062e-01 3.190167392268098645e+00 3.765319656409470195e+00
3.830000000000000071e-01 3.193930492460554049e+00 3.760883343484956676e+00
3.840000000000000080e-01 3.197689164169650322e+00 3.756462674339634322e+00
3.850000000000000089e-01 3.201443422993240251e+00 3.752057557247966191e+00
3.860000000000000098e-01 3.205193284437828360e+00 3.747667901235605559e+00
3.870000000000000107e-01 3.208938763919316539e+00 3.743293616071504903e+00
3.880000000000000115e-01 3.212679876763744335e+00 3.738934612260124357e+00
3.890000000000000124e-01 3.216416638208020817e+00 3.734590801033741414e+00
3.900000000000000133e-01 3.220149063400647105e+00 3.730262094344860557e+00
3.910000000000000142e-01 3.223877167402434019e+00 3.725948404858714813e+00
3.920000000000000151e-01 3.227600965187211735e+00 3.721649645945866336e+00
3.930000000000000160e-01 3.231320471642529668e+00 3.717365731674899809e+00
3.940000000000000169e-01 3.235035701570351474e+00 3.713096576805207771e+00
3.950000000000000178e-01 3.238746669687744273e+00 3.708842096779864761e+00
3.960000000000000187e-01 3.242453390627555887e+00 3.704602207718595608e+00
3.970000000000000195e-01 3.246155878939089412e+00 3.700376826410828990e+00
3.980000000000000204e-01 3.249854149088769795e+00 3.696165870308836698e+00
3.990000000000000213e-01 3.253548215460802417e+00 3.691969257520962167e+00
4.000000000000000222e-01 3.257238092357826353e+00 3.687786906804931153e+00
4.010000000000000231e-01 3.260923794001560072e+00 3.683618737561245915e+00
4.020000000000000240e-01 3.264605334533441816e+00 3.679464669826661094e+00
4.030000000000000249e-01 3.268282728015262428e+00 3.675324624267740425e+00
4.040000000000000258e-01 3.271955988429790185e+00 3.671198522174494272e+00
4.050000000000000266e-01 3.275625129681392966e+00 3.667086285454093986e+00
4.060000000000000275e-01 3.279290165596652429e+00 3.662987836624663540e+00
4.070000000000000284e-01 3.282951109924970634e+00 3.658903098809148435e+00
4.080000000000000293e-01 3.286607976339173121e+00 3.654831995729259209e+00
4.090000000000000302e-01 3.290260778436103539e+00 3.650774451699487777e+00
4.100000000000000311e-01 3.293909529737213848e+00 3.646730391621198830e+00
4.110000000000000320e-01 3.297554243689148290e+00 3.642699740976791833e+00
4.120000000000000329e-01 3.301194933664322484e+00 3.638682425823932753e+00
4.130000000000000338e-01 3.304831612961493637e+00 3.634678372789859058e+00
4.140000000000000346e-01 3.308464294806329864e+00 3.630687509065747776e+00
4.150000000000000355e-01 3.312092992351969745e+00 3.626709762401158166e+00
4.160000000000000364e-01 3.315717718679578319e+00 3.622745061098536112e+00
4.169999999999999818e-01 3.319338486798896426e+00 3.618793334007787355e+00
4.179999999999999827e-01 3.322955309648787381e+00 3.614854510520913333e+00
4.189999999999999836e-01 3.326568200097774319e+00 3.610928520566713207e+00
4.199999999999999845e-01 3.330177170944576659e+00 3.607015294605548483e+00
4.209999999999999853e-01 3.333782234918637233e+00 3.603114763624168493e+00
4.219999999999999862e-01 3.337383404680646315e+00 3.599226859130600253e+00
4.229999999999999871e-01 3.340980692823061204e+00 3.595351513149095180e+00
4.239999999999999880e-01 3.344574111870619149e+00 3.591488658215138408e+00
4.249999999999999889e-01 3.348163674280846713e+00 3.587638227370516297e+00
4.259999999999999898e-01 3.351749392444563380e+00 3.583800154158440776e+00
4.269999999999999907e-01 3.355331278686380259e+00 3.579974372618731859e+00
4.279999999999999916e-01 3.358909345265194801e+00 3.576160817283056570e+00
4.289999999999999925e-01 3.362483604374680191e+00 3.572359423170224701e+00
4.299999999999999933e-01 3.366054068143769396e+00 3.568570125781536984e+00
4.309999999999999942e-01 3.369620748637137009e+00 3.564792861096188314e+00
4.319999999999999951e-01 3.373183657855673534e+00 3.561027565566726949e+00
4.329999999999999960e-01 3.376742807736956120e+00 3.557274176114561204e+00
4.339999999999999969e-01 3.380298210155717076e+00 3.553532630125523895e+00
4.349999999999999978e-01 3.383849876924303945e+00 3.549802865445484290e+00
4.359999999999999987e-01 3.387397819793138698e+00 3.546084820376010249e+00
4.369999999999999996e-01 3.390942050451170697e+00 3.542378433670082760e+00
4.380000000000000004e-01 3.394482580526327009e+00 3.538683644527857997e+00
4.390000000000000013e-01 3.398019421585955602e+00 3.535000392592480001e+00
4.400000000000000022e-01 3.401552585137268547e+00 3.531328617945937332e+00
4.410000000000000031e-01 3.405082082627776785e+00 3.527668261104969449e+00
4.420000000000000040e-01 3.408607925445723108e+00 3.524019263017020176e+00
4.430000000000000049e-01 3.412130124920512930e+00 3.520381565056236450e+00
4.440000000000000058e-01 3.415648692323137059e+00 3.516755109019510606e+00
4.450000000000000067e-01 3.419163638866592247e+00 3.513139837122571496e+00
4.460000000000000075e-01 3.422674975706299527e+00 3.509535691996115592e+00
4.470000000000000084e-01 3.426182713940515434e+00 3.505942616681983370e+00
4.480000000000000093e-01 3.429686864610744124e+00 3.502360554629380118e+00
4.490000000000000102e-01 3.433187438702140160e+00 3.498789449691136699e+00
4.500000000000000111e-01 3.436684447143910415e+00 3.495229246120012068e+00
4.510000000000000120e-01 3.440177900809713307e+00 3.491679888565040635e+00
4.520000000000000129e-01 3.443667810518054040e+00 3.488141322067916494e+00
4.530000000000000138e-01 3.447154187032673178e+00 3.484613492059418061e+00
4.540000000000000147e-01 3.450637041062935229e+00 3.481096344355876226e+00
4.550000000000000155e-01 3.454116383264213219e+00 3.477589825155677605e+00
4.560000000000000164e-01 3.457592224238267509e+00 3.474093881035807296e+00
4.570000000000000173e-01 3.461064574533623706e+00 3.470608458948431618e+00
4.580000000000000182e-01 3.464533444645944815e+00 3.467133506217516814e+00
4.590000000000000191e-01 3.467998845018402498e+00 3.463668970535484615e+00
4.600000000000000200e-01 3.471460786042045665e+00 3.460214799959906440e+00
4.610000000000000209e-01 3.474919278056159300e+00 3.456770942910232236e+00
4.620000000000000218e-01 3.478374331348628612e+00 3.453337348164554399e+00
4.630000000000000226e-01 3.481825956156295199e+00 3.449913964856409887e+00
4.640000000000000235e-01 3.485274162665310094e+00 3.446500742471612533e+00
4.650000000000000244e-01 3.488718961011485487e+00 3.443097630845125767e+00
4.660000000000000253e-01 3.492160361280641556e+00 3.439704580157963321e+00
4.670000000000000262e-01 3.495598373508950640e+00 3.436321540934127228e+00
4.680000000000000271e-01 3.499033007683279628e+00 3.432948464037577363e+00
4.690000000000000280e-01 3.502464273741529244e+00 3.429585300669234726e+00
4.700000000000000289e-01 3.505892181572967115e+00 3.426232002364014928e+00
4.710000000000000298e-01 3.509316741018562169e+00 3.422888520987895866e+00
4.720000000000000306e-01 3.512737961871313264e+00 3.419554808735015605e+00
4.730000000000000315e-01 3.516155853876575588e+00 3.416230818124801338e+00
4.740000000000000324e-01 3.519570426732386625e+00 3.412916501999129881e+00
4.750000000000000333e-01 3.522981690089784568e+00 3.409611813519515700e+00
4.760000000000000342e-01 3.526389653553128944e+00 3.406316706164332686e+00
4.770000000000000351e-01 3.529794326680414152e+00 3.403031133726062585e+00
4.780000000000000360e-01 3.533195718983582978e+00 3.399755050308574056e+00
4.790000000000000369e-01 3.536593839928837024e+00 3.396488410324428830e+00
4.799999999999999822e-01 3.539988698936944012e+00 3.393231168492219840e+00
4.809999999999999831e-01 3.543380305383541540e+00 3.389983279833931551e+00
4.819999999999999840e-01 3.546768668599439955e+00 3.386744699672334047e+00
4.829999999999999849e-01 3.550153797870921224e+00 3.383515383628400208e+00
4.839999999999999858e-01 3.553535702440036914e+00 3.380295287618752198e+00
4.849999999999999867e-01 3.556914391504902184e+00 3.377084367853133706e+00
4.859999999999999876e-01 3.560289874219987549e+00 3.373882580831909284e+00
4.869999999999999885e-01 3.563662159696406651e+00 3.370689883343588544e+00
4.879999999999999893e-01 3.567031257002206246e+00 3.367506232462377902e+00
4.889999999999999902e-01 3.570397175162649095e+00 3.364331585545754510e+00
4.899999999999999911e-01 3.573759923160495511e+00 3.361165900232068626e+00
4.909999999999999920e-01 3.577119509936283137e+00 3.358009134438170840e+00
4.919999999999999929e-01 3.580475944388605392e+00 3.354861246357060178e+00
4.929999999999999938e-01 3.583829235374385913e+00 3.351722194455558856e+00
4.939999999999999947e-01 3.587179391709151233e+00 3.348591937472011892e+00
4.949999999999999956e-01 3.590526422167300336e+00 3.345470434414008931e+00
4.959999999999999964e-01 3.593870335482374667e+00 3.342357644556127827e+00
4.969999999999999973e-01 3.597211140347321479e+00 3.339253527437706648e+00
4.979999999999999982e-01 3.600548845414759391e+00 3.336158042860629447e+00
4.989999999999999991e-01 3.603883459297239966e+00 3.333071150887146228e+00
5.000000000000000000e-01 3.607214990567504831e+00 3.329992811837702682e+00
5.010000000000000009e-01 3.610543447758745028e+00 3.326922986288803230e+00
5.020000000000000018e-01 3.613868839364855479e+00 3.323861635070885168e+00
5.030000000000000027e-01 3.617191173840687668e+00 3.320808719266225673e+00
5.040000000000000036e-01 3.620510459602299225e+00 3.317764200206858138e+00
5.050000000000000044e-01 3.623826705027205275e+00 3.314728039472517818e+00
5.060000000000000053e-01 3.627139918454624024e+00 3.311700198888606117e+00
5.070000000000000062e-01 3.630450108185718783e+00 3.308680640524173100e+00
5.080000000000000071e-01 3.633757282483845330e+00 3.305669326689922638e+00
5.090000000000000080e-01 3.637061449574788607e+00 3.302666219936235770e+00
5.100000000000000089e-01 3.640362617647003418e+00 3.299671283051215376e+00
5.110000000000000098e-01 3.643660794851851126e+00 3.296684479058749950e+00
5.120000000000000107e-01 3.646955989303834134e+00 3.293705771216594691e+00
5.130000000000000115e-01 3.650248209080828143e+00 3.290735123014473906e+00
5.140000000000000124e-01 3.653537462224313526e+00 3.287772498172202518e+00
5.150000000000000133e-01 3.656823756739605358e+00 3.284817860637823550e+00
5.160000000000000142e-01 3.660107100596080354e+00 3.281871174585765161e+00
5.170000000000000151e-01 3.663387501727401130e+00 3.278932404415018542e+00
5.180000000000000160e-01 3.666664968031741356e+00 3.276001514747328702e+00
5.190000000000000169e-01 3.669939507372007803e+00 3.273078470425408781e+00
5.200000000000000178e-01 3.673211127576058388e+00 3.270163236511164584e+00
5.210000000000000187e-01 3.676479836436922444e+00 3.267255778283943979e+00
5.220000000000000195e-01 3.679745641713016990e+00 3.264356061238799178e+00
5.230000000000000204e-01 3.683008551128360786e+00 3.261464051084766336e+00
5.240000000000000213e-01 3.686268572372787933e+00 3.258579713743163353e+00
5.250000000000000222e-01 3.689525713102159266e+00 3.255703015345901452e+00
5.260000000000000231e-01 3.692779980938571960e+00 3.252833922233817177e+00
5.270000000000000240e-01 3.696031383470568255e+00 3.249972400955016827e+00
5.280000000000000249e-01 3.699279928253341065e+00 3.247118418263237327e+00
5.290000000000000258e-01 3.702525622808940042e+00 3.244271941116227520e+00
5.300000000000000266e-01 3.705768474626472742e+00 3.241432936674137899e+00
5.310000000000000275e-01 3.709008491162307575e+00 3.238601372297930325e+00
5.320000000000000284e-01 3.712245679840274093e+00 3.235777215547802843e+00
5.330000000000000293e-01 3.715480048051861051e+00 3.232960434181627818e+00
5.340000000000000302e-01 3.718711603156413581e+00 3.230150996153405618e+00
5.350000000000000311e-01 3.721940352481326819e+00 3.227348869611735616e+00
5.360000000000000320e-01 3.725166303322242634e+00 3.224554022898296068e+00
5.370000000000000329e-01 3.728389462943240584e+00 3.221766424546344432e+00
5.380000000000000338e-01 3.731609838577027105e+00 3.218986043279229214e+00
5.390000000000000346e-01 3.734827437425127794e+00 3.216212848008913827e+00
5.400000000000000355e-01 3.738042266658073931e+00 3.213446807834520413e+00
5.410000000000000364e-01 3.741254333415588107e+00 3.210687892040880342e+00
5.420000000000000373e-01 3.744463644806769409e+00 3.207936070097102466e+00
5.430000000000000382e-01 3.747670207910279494e+00 3.205191311655156028e+00
5.440000000000000391e-01 3.750874029774522000e+00 3.202453586548461573e+00
5.450000000000000400e-01 3.754075117417823737e+00 3.199722864790501831e+00
5.460000000000000409e-01 3.757273477828614539e+00 3.196999116573439714e+00
5.470000000000000417e-01 3.760469117965604902e+00 3.194282312266754076e+00
5.480000000000000426e-01 3.763662044757963621e+00 3.191572422415883459e+00
5.490000000000000435e-01 3.766852265105492759e+00 3.188869417740886281e+00
5.500000000000000444e-01 3.770039785878799954e+00 3.186173269135111230e+00
5.510000000000000453e-01 3.773224613919472059e+00 3.183483947663882319e+00
5.520000000000000462e-01 3.776406756040248336e+00 3.180801424563192814e+00
5.530000000000000471e-01 3.779586219025187876e+00 3.178125671238414274e+00
5.540000000000000480e-01 3.782763009629839246e+00 3.175456659263016235e+00
5.550000000000000488e-01 3.785937134581407904e+00 3.172794360377298339e+00
5.560000000000000497e-01 3.789108600578923181e+00 3.170138746487131787e+00
5.570000000000000506e-01 3.792277414293401705e+00 3.167489789662716326e+00
5.580000000000000515e-01 3.795443582368012603e+00 3.164847462137344802e+00
5.590000000000000524e-01 3.798607111418239146e+00 3.162211736306181020e+00
5.600000000000000533e-01 3.801768008032039514e+00 3.159582584725050047e+00
5.610000000000000542e-01 3.804926278770008885e+00 3.156959980109235619e+00
5.620000000000000551e-01 3.808081930165535756e+00 3.154343895332293535e+00
5.630000000000000560e-01 3.811234968724961369e+00 3.151734303424870376e+00
5.640000000000000568e-01 3.814385400927735148e+00 3.149131177573538221e+00
5.650000000000000577e-01 3.817533233226571898e+00 3.146534491119636012e+00
5.660000000000000586e-01 3.820678472047603691e+00 3.143944217558123810e+00
5.670000000000000595e-01 3.823821123790533072e+00 3.141360330536445034e+00
5.680000000000000604e-01 3.826961194828786716e+00 3.138782803853402470e+00
5.690000000000000613e-01 3.830098691509665976e+00 3.136211611458041393e+00
5.700000000000000622e-01 3.833233620154495203e+00 3.133646727448542446e+00
5.710000000000000631e-01 3.836365987058770965e+00 3.131088126071127853e+00
5.720000000000000639e-01 3.839495798492309930e+00 3.128535781718974285e+00
5.730000000000000648e-01 3.842623060699394522e+00 3.125989668931137277e+00
5.740000000000000657e-01 3.845747779898919028e+00 3.123449762391483198e+00
5.750000000000000666e-01 3.848869962284533930e+00 3.120916036927632309e+00
5.760000000000000675e-01 3.851989614024787567e+00 3.118388467509910722e+00
5.769999999999999574e-01 3.855106741263271353e+00 3.115867029250314335e+00
5.779999999999999583e-01 3.858221350118756998e+00 3.113351697401476770e+00
5.789999999999999591e-01 3.861333446685339954e+00 3.110842447355649298e+00
5.799999999999999600e-01 3.864443037032577077e+00 3.108339254643691874e+00
5.809999999999999609e-01 3.867550127205626076e+00 3.105842094934068598e+00
5.819999999999999618e-01 3.870654723225379623e+00 3.103350944031856073e+00
5.829999999999999627e-01 3.873756831088603914e+00 3.100865777877757523e+00
5.839999999999999636e-01 3.876856456768074111e+00 3.098386572547128459e+00
5.849999999999999645e-01 3.879953606212706685e+00 3.095913304249008124e+00
5.859999999999999654e-01 3.883048285347694861e+00 3.093445949325159816e+00
5.869999999999999662e-01 3.886140500074637849e+00 3.090984484249123199e+00
5.879999999999999671e-01 3.889230256271674957e+00 3.088528885625268394e+00
5.889999999999999680e-01 3.892317559793615267e+00 3.086079130187864727e+00
5.899999999999999689e-01 3.895402416472065088e+00 3.083635194800154800e+00
5.909999999999999698e-01 3.898484832115560295e+00 3.081197056453435668e+00
5.919999999999999707e-01 3.901564812509689784e+00 3.078764692266148906e+00
5.929999999999999716e-01 3.904642363417225148e+00 3.076338079482979548e+00
5.939999999999999725e-01 3.907717490578245023e+00 3.073917195473961694e+00
5.949999999999999734e-01 3.910790199710260762e+00 3.071502017733592993e+00
5.959999999999999742e-01 3.913860496508339448e+00 3.069092523879953127e+00
5.969999999999999751e-01 3.916928386645227800e+00 3.066688691653836063e+00
5.979999999999999760e-01 3.919993875771474734e+00 3.064290498917884076e+00
5.989999999999999769e-01 3.923056969515552606e+00 3.061897923655732434e+00
5.999999999999999778e-01 3.926117673483976667e+00 3.059510943971160746e+00
6.009999999999999787e-01 3.929175993261426747e+00 3.057129538087250520e+00
6.019999999999999796e-01 3.932231934410864049e+00 3.054753684345550280e+00
6.029999999999999805e-01 3.935285502473650165e+00 3.052383361205251333e+00
6.039999999999999813e-01 3.938336702969664760e+00 3.050018547242363098e+00
6.049999999999999822e-01 3.941385541397422365e+00 3.047659221148902198e+00
6.059999999999999831e-01 3.944432023234186069e+00 3.045305361732086435e+00
6.069999999999999840e-01 3.947476153936084309e+00 3.042956947913535437e+00
6.079999999999999849e-01 3.950517938938222784e+00 3.040613958728475730e+00
6.089999999999999858e-01 3.953557383654799473e+00 3.038276373324956037e+00
6.099999999999999867e-01 3.956594493479217878e+00 3.035944170963068345e+00
6.109999999999999876e-01 3.959629273784194936e+00 3.033617331014174301e+00
6.119999999999999885e-01 3.962661729921876042e+00 3.031295832960139602e+00
6.129999999999999893e-01 3.965691867223942513e+00 3.028979656392573716e+00
6.139999999999999902e-01 3.968719691001721728e+00 3.026668781012074927e+00
6.149999999999999911e-01 3.971745206546296370e+00 3.024363186627485156e+00
6.159999999999999920e-01 3.974768419128611896e+00 3.022062853155149220e+00
6.169999999999999929e-01 3.977789333999583565e+00 3.019767760618177643e+00
6.179999999999999938e-01 3.980807956390201685e+00 3.017477889145720571e+00
6.189999999999999947e-01 3.983824291511639526e+00 3.015193218972242128e+00
6.199999999999999956e-01 3.986838344555357239e+00 3.012913730436808102e+00
6.209999999999999964e-01 3.989850120693205771e+00 3.010639403982372730e+00
6.219999999999999973e-01 3.992859625077529451e+00 3.008370220155073049e+00
6.229999999999999982e-01 3.995866862841272571e+00 3.006106159603531669e+00
6.239999999999999991e-01 3.998871839098077086e+00 3.003847203078163552e+00
6.250000000000000000e-01 4.001874558942386528e+00 3.001593331430487233e+00
6.260000000000000009e-01 4.004875027449546820e+00 2.999344525612445800e+00
6.270000000000000018e-01 4.007873249675904859e+00 2.997100766675727002e+00
6.280000000000000027e-01 4.010869230658908435e+00 2.994862035771097108e+00
6.290000000000000036e-01 4.013862975417206158e+00 2.992628314147731672e+00
6.300000000000000044e-01 4.016854488950746038e+00 2.990399583152558272e+00
6.310000000000000053e-01 4.019843776240868749e+00 2.988175824229601929e+00
6.320000000000000062e-01 4.022830842250408878e+00 2.985957018919336292e+00
6.330000000000000071e-01 4.025815691923789963e+00 2.983743148858038818e+00
6.340000000000000080e-01 4.028798330187117749e+00 2.981534195777155283e+00
6.350000000000000089e-01 4.031778761948277889e+00 2.979330141502662066e+00
6.360000000000000098e-01 4.034756992097029205e+00 2.977130967954443097e+00
6.370000000000000107e-01 4.037733025505097828e+00 2.974936657145664576e+00
6.380000000000000115e-01 4.040706867026267801e+00 2.972747191182155913e+00
6.390000000000000124e-01 4.043678521496476108e+00 2.970562552261798661e+00
6.400000000000000133e-01 4.046647993733901494e+00 2.968382722673918117e+00
6.410000000000000142e-01 4.049615288539060387e+00 2.966207684798680688e+00
6.420000000000000151e-01 4.052580410694891278e+00 2.964037421106494818e+00
6.430000000000000160e-01 4.055543364966851527e+00 2.961871914157417240e+00
6.440000000000000169e-01 4.058504156103001748e+00 2.959711146600567222e+00
6.450000000000000178e-01 4.061462788834094617e+00 2.957555101173538148e+00
6.460000000000000187e-01 4.064419267873666364e+00 2.955403760701822424e+00
6.470000000000000195e-01 4.067373597918119366e+00 2.953257108098235051e+00
6.480000000000000204e-01 4.070325783646816298e+00 2.951115126362342522e+00
6.490000000000000213e-01 4.073275829722160069e+00 2.948977798579900167e+00
6.500000000000000222e-01 4.076223740789683525e+00 2.946845107922289486e+00
6.510000000000000231e-01 4.079169521478131166e+00 2.944717037645960822e+00
6.520000000000000240e-01 4.082113176399547960e+00 2.942593571091882243e+00
6.530000000000000249e-01 4.085054710149361945e+00 2.940474691684992425e+00
6.540000000000000258e-01 4.087994127306467718e+00 2.938360382933655757e+00
6.550000000000000266e-01 4.090931432433309922e+00 2.936250628429124543e+00
6.560000000000000275e-01 4.093866630075964075e+00 2.934145411845004769e+00
6.570000000000000284e-01 4.096799724764224493e+00 2.932044716936723194e+00
6.580000000000000293e-01 4.099730721011675350e+00 2.929948527541001546e+00
6.590000000000000302e-01 4.102659623315782156e+00 2.927856827575335608e+00
6.600000000000000311e-01 4.105586436157966368e+00 2.925769601037475631e+00
6.610000000000000320e-01 4.108511164003690652e+00 2.923686832004912528e+00
6.620000000000000329e-01 4.111433811302529939e+00 2.921608504634368941e+00
6.630000000000000338e-01 4.114354382488257578e+00 2.919534603161289876e+00
6.640000000000000346e-01 4.117272881978922605e+00 2.917465111899343988e+00
6.650000000000000355e-01 4.120189314176924356e+00 2.915400015239923093e+00
6.660000000000000364e-01 4.123103683469093284e+00 2.913339297651648785e+00
6.670000000000000373e-01 4.126015994226765571e+00 2.911282943679881718e+00
6.680000000000000382e-01 4.128926250805863951e+00 2.909230937946233997e+00
6.690000000000000391e-01 4.131834457546968764e+00 2.907183265148086893e+00
6.700000000000000400e-01 4.134740618775394339e+00 2.905139910058111674e+00
6.710000000000000409e-01 4.137644738801268929e+00 2.903100857523791767e+00
6.720000000000000417e-01 4.140546821919601328e+00 2.901066092466956015e+00
6.730000000000000426e-01 4.143446872410359916e+00 2.899035599883304837e+00
6.740000000000000435e-01 4.146344894538547265e+00 2.897009364841947932e+00
6.750000000000000444e-01 4.149240892554270310e+00 2.894987372484943755e+00
6.760000000000000453e-01 4.152134870692815838e+00 2.892969608026840778e+00
6.770000000000000462e-01 4.155026833174718881e+00 2.890956056754223180e+00
6.780000000000000471e-01 4.157916784205838212e+00 2.888946704025261880e+00
6.790000000000000480e-01 4.160804727977425621e+00 2.886941535269266002e+00
6.800000000000000488e-01 4.163690668666198746e+00 2.884940535986239674e+00
6.810000000000000497e-01 4.166574610434411241e+00 2.882943691746440606e+00
6.820000000000000506e-01 4.169456557429919386e+00 2.880950988189944439e+00
6.830000000000000515e-01 4.172336513786254919e+00 2.878962411026209978e+00
6.840000000000000524e-01 4.175214483622695205e+00 2.876977946033650646e+00
6.850000000000000533e-01 4.178090471044328069e+00 2.874997579059203723e+00
6.860000000000000542e-01 4.180964480142124629e+00 2.873021296017909343e+00
6.870000000000000551e-01 4.183836514993002353e+00 2.871049082892489945e+00
6.880000000000000560e-01 4.186706579659897010e+00 2.869080925732930609e+00
6.890000000000000568e-01 4.189574678191828383e+00 2.867116810656066050e+00
6.900000000000000577e-01 4.192440814623964229e+00 2.865156723845169395e+00
6.910000000000000586e-01 4.195304992977689551e+00 2.863200651549542730e+00
6.920000000000000595e-01 4.198167217260673212e+00 2.861248580084113424e+00
6.930000000000000604e-01 4.201027491466928332e+00 2.859300495829030453e+00
6.940000000000000613e-01 4.203885819576882454e+00 2.857356385229266937e+00
6.950000000000000622e-01 4.206742205557440606e+00 2.855416234794223573e+00
6.960000000000000631e-01 4.209596653362049246e+00 2.853480031097334280e+00
6.970000000000000639e-01 4.212449166930759326e+00 2.851547760775677176e+00
6.980000000000000648e-01 4.215299750190291128e+00 2.849619410529586450e+00
6.990000000000000657e-01 4.218148407054096438e+00 2.847694967122269549e+00
7.000000000000000666e-01 4.220995141422423380e+00 2.845774417379423049e+00
7.010000000000000675e-01 4.223839957182372373e+00 2.843857748188854728e+00
7.020000000000000684e-01 4.226682858207966298e+00 2.841944946500109204e+00
7.030000000000000693e-01 4.229523848360208227e+00 2.840035999324092675e+00
7.039999999999999591e-01 4.232362931487140933e+00 2.838130893732703441e+00
7.049999999999999600e-01 4.235200111423909952e+00 2.836229616858464198e+00
7.059999999999999609e-01 4.238035391992825751e+00 2.834332155894156102e+00
7.069999999999999618e-01 4.240868777003417911e+00 2.832438498092457735e+00
7.079999999999999627e-01 4.243700270252500850e+00 2.830548630765584495e+00
7.089999999999999636e-01 4.246529875524229780e+00 2.828662541284931997e+00
7.099999999999999645e-01 4.249357596590162878e+00 2.826780217080722135e+00
7.109999999999999654e-01 4.252183437209312800e+00 2.824901645641650028e+00
7.119999999999999662e-01 4.255007401128215960e+00 2.823026814514534522e+00
7.129999999999999671e-01 4.257829492080981382e+00 2.821155711303973579e+00
7.139999999999999680e-01 4.260649713789350201e+00 2.819288323671998775e+00
7.149999999999999689e-01 4.263468069962756068e+00 2.817424639337732462e+00
7.159999999999999698e-01 4.266284564298381099e+00 2.815564646077050259e+00
7.169999999999999707e-01 4.269099200481210055e+00 2.813708331722243994e+00
7.179999999999999716e-01 4.271911982184088963e+00 2.811855684161686852e+00
7.189999999999999725e-01 4.274722913067778407e+00 2.810006691339502538e+00
7.199999999999999734e-01 4.277531996781013035e+00 2.808161341255234422e+00
7.209999999999999742e-01 4.280339236960553073e+00 2.806319621963517807e+00
7.219999999999999751e-01 4.283144637231240281e+00 2.804481521573758407e+00
7.229999999999999760e-01 4.285948201206054797e+00 2.802647028249805938e+00
7.239999999999999769e-01 4.288749932486166649e+00 2.800816130209637489e+00
7.249999999999999778e-01 4.291549834660991714e+00 2.798988815725037327e+00
7.259999999999999787e-01 4.294347911308242338e+00 2.797165073121282486e+00
7.269999999999999796e-01 4.297144165993985965e+00 2.795344890776828795e+00
7.279999999999999805e-01 4.299938602272692201e+00 2.793528257123000458e+00
7.289999999999999813e-01 4.302731223687288775e+00 2.791715160643681415e+00
7.299999999999999822e-01 4.305522033769214829e+00 2.789905589875007585e+00
7.309999999999999831e-01 4.308311036038469766e+00 2.788099533405063113e+00
7.319999999999999840e-01 4.311098234003670093e+00 2.786296979873578383e+00
7.329999999999999849e-01 4.313883631162093835e+00 2.784497917971629821e+00
7.339999999999999858e-01 4.316667230999736482e+00 2.782702336441341462e+00
7.349999999999999867e-01 4.319449036991363400e+00 2.780910224075589188e+00
7.359999999999999876e-01 4.322229052600556898e+00 2.779121569717708518e+00
7.369999999999999885e-01 4.325007281279765969e+00 2.777336362261199287e+00
7.379999999999999893e-01 4.327783726470360470e+00 2.775554590649438769e+00
7.389999999999999902e-01 4.330558391602677304e+00 2.773776243875394343e+00
7.399999999999999911e-01 4.333331280096071936e+00 2.772001310981336619e+00
7.409999999999999920e-01 4.336102395358963690e+00 2.770229781058556995e+00
7.419999999999999929e-01 4.338871740788891707e+00 2.768461643247082549e+00
7.429999999999999938e-01 4.341639319772557570e+00 2.766696886735402483e+00
7.439999999999999947e-01 4.344405135685874164e+00 2.764935500760185239e+00
7.449999999999999956e-01 4.347169191894018070e+00 2.763177474606005823e+00
7.459999999999999964e-01 4.349931491751471313e+00 2.761422797605070922e+00
7.469999999999999973e-01 4.352692038602071989e+00 2.759671459136945337e+00
7.479999999999999982e-01 4.355450835779064001e+00 2.757923448628285534e+00
7.489999999999999991e-01 4.358207886605138803e+00 2.756178755552569193e+00
7.500000000000000000e-01 4.360963194392486031e+00 2.754437369429828752e+00
7.510000000000000009e-01 4.363716762442837904e+00 2.752699279826389400e+00
7.520000000000000018e-01 4.366468594047514529e+00 2.750964476354602617e+00
7.530000000000000027e-01 4.369218692487475408e+00 2.749232948672589938e+00
7.540000000000000036e-01 4.371967061033356750e+00 2.747504686483980052e+00
7.550000000000000044e-01 4.374713702945523863e+00 2.745779679537653450e+00
7.560000000000000053e-01 4.377458621474111133e+00 2.744057917627487964e+00
7.570000000000000062e-01 4.380201819859069978e+00 2.742339390592103410e+00
7.580000000000000071e-01 4.382943301330213259e+00 2.740624088314609796e+00
7.590000000000000080e-01 4.385683069107260579e+00 2.738912000722359075e+00
7.600000000000000089e-01 4.388421126399877359e+00 2.737203117786695117e+00
7.610000000000000098e-01 4.391157476407724580e+00 2.735497429522706359e+00
7.620000000000000107e-01 4.393892122320498750e+00 2.733794925988982882e+00
7.630000000000000115e-01 4.396625067317978086e+00 2.732095597287371280e+00
7.640000000000000124e-01 4.399356314570064264e+00 2.730399433562733957e+00
7.650000000000000133e-01 4.402085867236824157e+00 2.728706425002707991e+00
7.660000000000000142e-01 4.404813728468533363e+00 2.727016561837467989e+00
7.670000000000000151e-01 4.407539901405720606e+00 2.725329834339488944e+00
7.680000000000000160e-01 4.410264389179205935e+00 2.723646232823309976e+00
7.690000000000000169e-01 4.412987194910146016e+00 2.721965747645301636e+00
7.700000000000000178e-01 4.415708321710074102e+00 2.720288369203435863e+00
7.710000000000000187e-01 4.418427772680943555e+00 2.718614087937050616e+00
7.720000000000000195e-01 4.421145550915166922e+00 2.716942894326626057e+00
7.730000000000000204e-01 4.423861659495656795e+00 2.715274778893554064e+00
7.740000000000000213e-01 4.426576101495867555e+00 2.713609732199913971e+00
7.750000000000000222e-01 4.429288879979836224e+00 2.711947744848247410e+00
7.760000000000000231e-01 4.431999998002224217e+00 2.710288807481337159e+00
7.770000000000000240e-01 4.434709458608353749e+00 2.708632910781982872e+00
7.780000000000000249e-01 4.437417264834251363e+00 2.706980045472783480e+00
7.790000000000000258e-01 4.440123419706683450e+00 2.705330202315920030e+00
7.800000000000000266e-01 4.442827926243200665e+00 2.703683372112935857e+00
7.810000000000000275e-01 4.445530787452173449e+00 2.702039545704522538e+00
7.820000000000000284e-01 4.448232006332833777e+00 2.700398713970305842e+00
7.830000000000000293e-01 4.450931585875311569e+00 2.698760867828635224e+00
7.840000000000000302e-01 4.453629529060673775e+00 2.697125998236368893e+00
7.850000000000000311e-01 4.456325838860965227e+00 2.695494096188666866e+00
7.860000000000000320e-01 4.459020518239243280e+00 2.693865152718781797e+00
7.870000000000000329e-01 4.461713570149618668e+00 2.692239158897851592e+00
7.880000000000000338e-01 4.464404997537291919e+00 2.690616105834695126e+00
7.890000000000000346e-01 4.467094803338590658e+00 2.688995984675607076e+00
7.900000000000000355e-01 4.469782990481006024e+00 2.687378786604155856e+00
7.910000000000000364e-01 4.472469561883234412e+00 2.685764502840979784e+00
7.920000000000000373e-01 4.475154520455208562e+00 2.684153124643590793e+00
7.930000000000000382e-01 4.477837869098140189e+00 2.682544643306171483e+00
7.940000000000000391e-01 4.480519610704550182e+00 2.680939050159381054e+00
7.950000000000000400e-01 4.483199748158310349e+00 2.679336336570156796e+00
7.960000000000000409e-01 4.485878284334676280e+00 2.677736493941519580e+00
7.970000000000000417e-01 4.488555222100325537e+00 2.676139513712381124e+00
7.980000000000000426e-01 4.491230564313391405e+00 2.674545387357351256e+00
7.990000000000000435e-01 4.493904313823500196e+00 2.672954106386544737e+00
8.000000000000000444e-01 4.496576473471805890e+00 2.671365662345395187e+00
8.010000000000000453e-01 4.499247046091026547e+00 2.669780046814462349e+00
8.020000000000000462e-01 4.501916034505476283e+00 2.668197251409247350e+00
8.030000000000000471e-01 4.504583441531102572e+00 2.666617267780007072e+00
8.040000000000000480e-01 4.507249269975521777e+00 2.665040087611565411e+00
8.050000000000000488e-01 4.509913522638052008e+00 2.663465702623133424e+00
8.060000000000000497e-01 4.512576202309745987e+00 2.661894104568125030e+00
8.070000000000000506e-01 4.515237311773428353e+00 2.660325285233974935e+00
8.080000000000000515e-01 4.517896853803726742e+00 2.658759236441960105e+00
8.090000000000000524e-01 4.520554831167109988e+00 2.657195950047019029e+00
8.100000000000000533e-01 4.523211246621915649e+00 2.655635417937574516e+00
8.110000000000000542e-01 4.525866102918387313e+00 2.654077632035358292e+00
8.120000000000000551e-01 4.528519402798706572e+00 2.652522584295232466e+00
8.130000000000000560e-01 4.531171148997027665e+00 2.650970266705016787e+00
8.140000000000000568e-01 4.533821344239506779e+00 2.649420671285315887e+00
8.150000000000000577e-01 4.536469991244339361e+00 2.647873790089345203e+00
8.160000000000000586e-01 4.539117092721789426e+00 2.646329615202761332e+00
8.170000000000000595e-01 4.541762651374220638e+00 2.644788138743491057e+00
8.180000000000000604e-01 4.544406669896134510e+00 2.643249352861563040e+00
8.190000000000000613e-01 4.547049150974197040e+00 2.641713249738939062e+00
8.200000000000000622e-01 4.549690097287270696e+00 2.640179821589348386e+00
8.210000000000000631e-01 4.552329511506448156e+00 2.638649060658120327e+00
8.220000000000000639e-01 4.554967396295084292e+00 2.637120959222022165e+00
8.230000000000000648e-01 4.557603754308825472e+00 2.635595509589092167e+00
8.240000000000000657e-01 4.560238588195643317e+00 2.634072704098479267e+00
8.250000000000000666e-01 4.562871900595860453e+00 2.632552535120281867e+00
8.260000000000000675e-01 4.565503694142187818e+00 2.631034995055384407e+00
8.270000000000000684e-01 4.568133971459751308e+00 2.629520076335301049e+00
8.280000000000000693e-01 4.570762735166126411e+00 2.628007771422015804e+00
8.290000000000000702e-01 4.573389987871360418e+00 2.626498072807824435e+00
8.300000000000000711e-01 4.576015732178015050e+00 2.624990973015178142e+00
8.310000000000000719e-01 4.578639970681182447e+00 2.623486464596528567e+00
8.320000000000000728e-01 4.581262705968526028e+00 2.621984540134174146e+00
8.329999999999999627e-01 4.583883940620305353e+00 2.620485192240104233e+00
8.339999999999999636e-01 4.586503677209408991e+00 2.618988413555847217e+00
8.349999999999999645e-01 4.589121918301378500e+00 2.617494196752319979e+00
8.359999999999999654e-01 4.591738666454441287e+00 2.616002534529676016e+00
8.369999999999999662e-01 4.594353924219540808e+00 2.614513419617156664e+00
8.379999999999999671e-01 4.596967694140364991e+00 2.613026844772939672e+00
8.389999999999999680e-01 4.599579978753371101e+00 2.611542802783995754e+00
8.399999999999999689e-01 4.602190780587821273e+00 2.610061286465938046e+00
8.409999999999999698e-01 4.604800102165807374e+00 2.608582288662876891e+00
8.419999999999999707e-01 4.607407946002276766e+00 2.607105802247274617e+00
8.429999999999999716e-01 4.610014314605065167e+00 2.605631820119801212e+00
8.439999999999999725e-01 4.612619210474921516e+00 2.604160335209192212e+00
8.449999999999999734e-01 4.615222636105540843e+00 2.602691340472104820e+00
8.459999999999999742e-01 4.617824593983585579e+00 2.601224828892976682e+00
8.469999999999999751e-01 4.620425086588717534e+00 2.599760793483885557e+00
8.479999999999999760e-01 4.623024116393623650e+00 2.598299227284408097e+00
8.489999999999999769e-01 4.625621685864044430e+00 2.596840123361482622e+00
8.499999999999999778e-01 4.628217797458803240e+00 2.595383474809269675e+00
8.509999999999999787e-01 4.630812453629826742e+00 2.593929274749017022e+00
8.519999999999999796e-01 4.633405656822180418e+00 2.592477516328919762e+00
8.529999999999999805e-01 4.635997409474089004e+00 2.591028192723986656e+00
8.539999999999999813e-01 4.638587714016966679e+00 2.589581297135906013e+00
8.549999999999999822e-01 4.641176572875441941e+00 2.588136822792909797e+00
8.559999999999999831e-01 4.643763988467385140e+00 2.586694762949642623e+00
8.569999999999999840e-01 4.646349963203934230e+00 2.585255110887028529e+00
8.579999999999999849e-01 4.648934499489521421e+00 2.583817859912139525e+00
8.589999999999999858e-01 4.651517599721899821e+00 2.582383003358063700e+00
8.599999999999999867e-01 4.654099266292164749e+00 2.580950534583777767e+00
8.609999999999999876e-01 4.656679501584787495e+00 2.579520446974016057e+00
8.619999999999999885e-01 4.659258307977635738e+00 2.578092733939142622e+00
8.629999999999999893e-01 4.661835687842001086e+00 2.576667388915024670e+00
8.639999999999999902e-01 4.664411643542623054e+00 2.575244405362904221e+00
8.649999999999999911e-01 4.666986177437713934e+00 2.573823776769273319e+00
8.659999999999999920e-01 4.669559291878985441e+00 2.572405496645748357e+00
8.669999999999999929e-01 4.672130989211674468e+00 2.570989558528945729e+00
8.679999999999999938e-01 4.674701271774565292e+00 2.569575955980358373e+00
8.689999999999999947e-01 4.677270141900018885e+00 2.568164682586232317e+00
8.699999999999999956e-01 4.679837601913992451e+00 2.566755731957444997e+00
8.709999999999999964e-01 4.682403654136067850e+00 2.565349097729383132e+00
8.719999999999999973e-01 4.684968300879472913e+00 2.563944773561821044e+00
8.729999999999999982e-01 4.687531544451106313e+00 2.562542753138804308e+00
8.739999999999999991e-01 4.690093387151567761e+00 2.561143030168525847e+00
8.750000000000000000e-01 4.692653831275172216e+00 2.559745598383210918e+00
8.760000000000000009e-01 4.695212879109980086e+00 2.558350451538996762e+00
8.770000000000000018e-01 4.697770532937822985e+00 2.556957583415817137e+00
8.780000000000000027e-01 4.700326795034319716e+00 2.555566987817285085e+00
8.790000000000000036e-01 4.702881667668908250e+00 2.554178658570577021e+00
8.800000000000000044e-01 4.705435153104861712e+00 2.552792589526318157e+00
8.810000000000000053e-01 4.707987253599318578e+00 2.551408774558468373e+00
8.820000000000000062e-01 4.710537971403302215e+00 2.550027207564206755e+00
8.830000000000000071e-01 4.713087308761743977e+00 2.548647882463820569e+00
8.840000000000000080e-01 4.715635267913508066e+00 2.547270793200591132e+00
8.850000000000000089e-01 4.718181851091412859e+00 2.545895933740684569e+00
8.860000000000000098e-01 4.720727060522253105e+00 2.544523298073038120e+00
8.870000000000000107e-01 4.723270898426826570e+00 2.543152880209251343e+00
8.880000000000000115e-01 4.725813367019950917e+00 2.541784674183476422e+00
8.890000000000000124e-01 4.728354468510490349e+00 2.540418674052306702e+00
8.900000000000000133e-01 4.730894205101379590e+00 2.539054873894672770e+00
8.910000000000000142e-01 4.733432578989638984e+00 2.537693267811730546e+00
8.920000000000000151e-01 4.735969592366402914e+00 2.536333849926755590e+00
8.930000000000000160e-01 4.738505247416939348e+00 2.534976614385036520e+00
8.940000000000000169e-01 4.741039546320674702e+00 2.533621555353770649e+00
8.950000000000000178e-01 4.743572491251212497e+00 2.532268667021954744e+00
8.960000000000000187e-01 4.746104084376354670e+00 2.530917943600285547e+00
8.970000000000000195e-01 4.748634327858126447e+00 2.529569379321051414e+00
8.980000000000000204e-01 4.751163223852795880e+00 2.528222968438031515e+00
8.990000000000000213e-01 4.753690774510894279e+00 2.526878705226390132e+00
9.000000000000000222e-01 4.756216981977238412e+00 2.525536583982578964e+00
9.010000000000000231e-01 4.758741848390953599e+00 2.524196599024230103e+00
9.020000000000000240e-01 4.761265375885494144e+00 2.522858744690059662e+00
9.030000000000000249e-01 4.763787566588661981e+00 2.521523015339765195e+00
9.040000000000000258e-01 4.766308422622627994e+00 2.520189405353925327e+00
9.050000000000000266e-01 4.768827946103957771e+00 2.518857909133900286e+00
9.060000000000000275e-01 4.771346139143625820e+00 2.517528521101735528e+00
9.070000000000000284e-01 4.773863003847038655e+00 2.516201235700062266e+00
9.080000000000000293e-01 4.776378542314057007e+00 2.514876047391998437e+00
9.090000000000000302e-01 4.778892756639014472e+00 2.513552950661053220e+00
9.100000000000000311e-01 4.781405648910738826e+00 2.512231940011031117e+00
9.110000000000000320e-01 4.783917221212571569e+00 2.510913009965935139e+00
9.120000000000000329e-01 4.786427475622386574e+00 2.509596155069870882e+00
9.130000000000000338e-01 4.788936414212614068e+00 2.508281369886952827e+00
9.140000000000000346e-01 4.791444039050258397e+00 2.506968649001210192e+00
9.150000000000000355e-01 4.793950352196915787e+00 2.505657987016491894e+00
9.160000000000000364e-01 4.796455355708798329e+00 2.504349378556375072e+00
9.170000000000000373e-01 4.798959051636750850e+00 2.503042818264071379e+00
9.180000000000000382e-01 4.801461442026268678e+00 2.501738300802334614e+00
9.190000000000000391e-01 4.803962528917524288e+00 2.500435820853370572e+00
9.200000000000000400e-01 4.806462314345378850e+00 2.499135373118744230e+00
9.210000000000000409e-01 4.808960800339406205e+00 2.497836952319290926e+00
9.220000000000000417e-01 4.811457988923908857e+00 2.496540553195025325e+00
9.230000000000000426e-01 4.813953882117940175e+00 2.495246170505052152e+00
9.240000000000000435e-01 4.816448481935322157e+00 2.493953799027476492e+00
9.250000000000000444e-01 4.818941790384664081e+00 2.492663433559317188e+00
9.260000000000000453e-01 4.821433809469382048e+00 2.491375068916416247e+00
9.270000000000000462e-01 4.823924541187717629e+00 2.490088699933353578e+00
9.280000000000000471e-01 4.826413987532753858e+00 2.488804321463359503e+00
9.290000000000000480e-01 4.828902150492439205e+00 2.487521928378227720e+00
9.300000000000000488e-01 4.831389032049600907e+00 2.486241515568229588e+00
9.310000000000000497e-01 4.833874634181968055e+00 2.484963077942027976e+00
9.320000000000000506e-01 4.836358958862187585e+00 2.483686610426593777e+00
9.330000000000000515e-01 4.838842008057839372e+00 2.482412107967120196e+00
9.340000000000000524e-01 4.841323783731461106e+00 2.481139565526939261e+00
9.350000000000000533e-01 4.843804287840558942e+00 2.479868978087437004e+00
9.360000000000000542e-01 4.846283522337635041e+00 2.478600340647971301e+00
9.370000000000000551e-01 4.848761489170193784e+00 2.477333648225789720e+00
9.380000000000000560e-01 4.851238190280770191e+00 2.476068895855946472e+00
9.390000000000000568e-01 4.853713627606940584e+00 2.474806078591222036e+00
9.400000000000000577e-01 4.856187803081343901e+00 2.473545191502038776e+00
9.410000000000000586e-01 4.858660718631699460e+00 2.472286229676383229e+00
9.420000000000000595e-01 4.861132376180819392e+00 2.471029188219723949e+00
9.430000000000000604e-01 4.863602777646636177e+00 2.469774062254933344e+00
9.440000000000000613e-01 4.866071924942207971e+00 2.468520846922205969e+00
9.450000000000000622e-01 4.868539819975743477e+00 2.467269537378982580e+00
9.460000000000000631e-01 4.871006464650619705e+00 2.466020128799867095e+00
9.470000000000000639e-01 4.873471860865394412e+00 2.464772616376552428e+00
9.480000000000000648e-01 4.875936010513826524e+00 2.463526995317741441e+00
9.490000000000000657e-01 4.878398915484892129e+00 2.462283260849068789e+00
9.500000000000000666e-01 4.880860577662801347e+00 2.461041408213024972e+00
9.510000000000000675e-01 4.883320998927014323e+00 2.459801432668880405e+00
9.520000000000000684e-01 4.885780181152260759e+00 2.458563329492607696e+00
9.530000000000000693e-01 4.888238126208553247e+00 2.457327093976807486e+00
9.540000000000000702e-01 4.890694835961205023e+00 2.456092721430632952e+00
9.550000000000000711e-01 4.893150312270847735e+00 2.454860207179715648e+00
9.560000000000000719e-01 4.895604556993444767e+00 2.453629546566089115e+00
9.570000000000000728e-01 4.898057571980312552e+00 2.452400734948116945e+00
9.580000000000000737e-01 4.900509359078131233e+00 2.451173767700418615e+00
9.590000000000000746e-01 4.902959920128965088e+00 2.449948640213796658e+00
9.599999999999999645e-01 4.905409256970280296e+00 2.448725347895163384e+00
9.609999999999999654e-01 4.907857371434953819e+00 2.447503886167468945e+00
9.619999999999999662e-01 4.910304265351292941e+00 2.446284250469628940e+00
9.629999999999999671e-01 4.912749940543054805e+00 2.445066436256453812e+00
9.639999999999999680e-01 4.915194398829457967e+00 2.443850438998575569e+00
9.649999999999999689e-01 4.917637642025198375e+00 2.442636254182381172e+00
9.659999999999999698e-01 4.920079671940469801e+00 2.441423877309937929e+00
9.669999999999999707e-01 4.922520490380971836e+00 2.440213303898925545e+00
9.679999999999999716e-01 4.924960099147932091e+00 2.439004529482565520e+00
9.689999999999999725e-01 4.927398500038118634e+00 2.437797549609552750e+00
9.699999999999999734e-01 4.929835694843854199e+00 2.436592359843987143e+00
9.709999999999999742e-01 4.932271685353035728e+00 2.435388955765304342e+00
9.719999999999999751e-01 4.934706473349145028e+00 2.434187332968207773e+00
9.729999999999999760e-01 4.937140060611268311e+00 2.432987487062600707e+00
9.739999999999999769e-01 4.939572448914108627e+00 2.431789413673518307e+00
9.749999999999999778e-01 4.942003640028000078e+00 2.430593108441062800e+00
9.759999999999999787e-01 4.944433635718926467e+00 2.429398567020334188e+00
9.769999999999999796e-01 4.946862437748533736e+00 2.428205785081366308e+00
9.779999999999999805e-01 4.949290047874145060e+00 2.427014758309059772e+00
9.789999999999999813e-01 4.951716467848775061e+00 2.425825482403115352e+00
9.799999999999999822e-01 4.954141699421144907e+00 2.424637953077970476e+00
9.809999999999999831e-01 4.956565744335700074e+00 2.423452166062734836e+00
9.819999999999999840e-01 4.958988604332621897e+00 2.422268117101123330e+00
9.829999999999999849e-01 4.961410281147840884e+00 2.421085801951393890e+00
9.839999999999999858e-01 4.963830776513053600e+00 2.419905216386283087e+00
9.849999999999999867e-01 4.966250092155737761e+00 2.418726356192942628e+00
9.859999999999999876e-01 4.968668229799164671e+00 2.417549217172876741e+00
9.869999999999999885e-01 4.971085191162413430e+00 2.416373795141878666e+00
9.879999999999999893e-01 4.973500977960387814e+00 2.415200085929968488e+00
9.889999999999999902e-01 4.975915591903827817e+00 2.414028085381331401e+00
9.899999999999999911e-01 4.978329034699323863e+00 2.412857789354254212e+00
9.909999999999999920e-01 4.980741308049332794e+00 2.411689193721066271e+00
9.919999999999999929e-01 4.983152413652191193e+00 2.410522294368077745e+00
9.929999999999999938e-01 4.985562353202128705e+00 2.409357087195516556e+00
9.939999999999999947e-01 4.987971128389280473e+00 2.408193568117469763e+00
9.949999999999999956e-01 4.990378740899704013e+00 2.407031733061824941e+00
9.959999999999999964e-01 4.992785192415391649e+00 2.405871577970207120e+00
9.969999999999999973e-01 4.995190484614283832e+00 2.404713098797920612e+00
9.979999999999999982e-01 4.997594619170283359e+00 2.403556291513890830e+00
9.989999999999999991e-01 4.999997597753267797e+00 2.402401152100603454e+00
