0.000000000000000000e+00 1.000000000000000000e+00 -2.000000000000000000e+00
1.000000000000000021e-03 9.979999999999999982e-01 -1.991999999999999993e+00
2.000000000000000042e-03 9.960080000000000044e-01 -1.984019999999999895e+00
3.000000000000000062e-03 9.940239800000000292e-01 -1.976059931999999852e+00
4.000000000000000083e-03 9.920479200680000220e-01 -1.968119728187999851e+00
5.000000000000000104e-03 9.900798003398120217e-01 -1.960199320939403744e+00
6.000000000000000125e-03 9.881196010188726397e-01 -1.952298642816425511e+00
7.000000000000000146e-03 9.861673023760562096e-01 -1.944417626567495949e+00
8.000000000000000167e-03 9.842228847494887134e-01 -1.936556205126672037e+00
9.000000000000001055e-03 9.822863285443620418e-01 -1.928714311613048515e+00
1.000000000000000021e-02 9.803576142327490306e-01 -1.920891879330169250e+00
1.099999999999999936e-02 9.784367223534188307e-01 -1.913088841765442583e+00
1.200000000000000025e-02 9.765236335116533883e-01 -1.905305132589556694e+00
1.300000000000000114e-02 9.746183283790638141e-01 -1.897540685655897175e+00
1.400000000000000029e-02 9.727207876934078623e-01 -1.889795434999966828e+00
1.499999999999999944e-02 9.708309922584078544e-01 -1.882069314838806351e+00
1.600000000000000033e-02 9.689489229435690465e-01 -1.874362259570417022e+00
1.700000000000000122e-02 9.670745606839986630e-01 -1.866674203773185159e+00
1.800000000000000211e-02 9.652078864802254854e-01 -1.859005082205307913e+00
1.899999999999999953e-02 9.633488813980202181e-01 -1.851354829804221280e+00
2.000000000000000042e-02 9.614975265682159655e-01 -1.843723381686029006e+00
2.100000000000000130e-02 9.596538031865299301e-01 -1.836110673144933703e+00
2.199999999999999872e-02 9.578176925133849995e-01 -1.828516639652669529e+00
2.299999999999999961e-02 9.559891758737323331e-01 -1.820941216857936640e+00
2.400000000000000050e-02 9.541682346568743922e-01 -1.813384340585836307e+00
2.500000000000000139e-02 9.523548503162885259e-01 -1.805845946837309146e+00
2.600000000000000228e-02 9.505490043694512226e-01 -1.798325971788574007e+00
2.699999999999999969e-02 9.487506783976626945e-01 -1.790824351790568647e+00
2.800000000000000058e-02 9.469598540458721292e-01 -1.783341023368392175e+00
2.900000000000000147e-02 9.451765130225037170e-01 -1.775875923220748609e+00
2.999999999999999889e-02 9.434006370992830126e-01 -1.768428988219392872e+00
3.099999999999999978e-02 9.416322081110636288e-01 -1.761000155408577683e+00
3.200000000000000067e-02 9.398712079556550414e-01 -1.753589362004502661e+00
3.300000000000000155e-02 9.381176185936505041e-01 -1.746196545394764321e+00
3.400000000000000244e-02 9.363714220482557415e-01 -1.738821643137807627e+00
3.500000000000000333e-02 9.346326004051179748e-01 -1.731464592962380200e+00
3.600000000000000422e-02 9.329011358121556130e-01 -1.724125332766987206e+00
3.699999999999999817e-02 9.311770104793886116e-01 -1.716803800619347342e+00
3.799999999999999906e-02 9.294602066787692740e-01 -1.709499934755851713e+00
3.899999999999999994e-02 9.277507067440133870e-01 -1.702213673581023157e+00
4.000000000000000083e-02 9.260484930704323547e-01 -1.694944955666978004e+00
4.100000000000000172e-02 9.243535481147653332e-01 -1.687693719752888510e+00
4.200000000000000261e-02 9.226658543950124747e-01 -1.680459904744447064e+00
4.300000000000000350e-02 9.209853944902680611e-01 -1.673243449713332609e+00
4.399999999999999745e-02 9.193121510405547481e-01 -1.666044293896677742e+00
4.499999999999999833e-02 9.176461067466580301e-01 -1.658862376696537799e+00
4.599999999999999922e-02 9.159872443699614841e-01 -1.651697637679361286e+00
4.700000000000000011e-02 9.143355467322821228e-01 -1.644550016575462070e+00
4.800000000000000100e-02 9.126909967157066372e-01 -1.637419453278492920e+00
4.900000000000000189e-02 9.110535772624281936e-01 -1.630305887844920143e+00
5.000000000000000278e-02 9.094232713745832308e-01 -1.623209260493500672e+00
5.100000000000000366e-02 9.078000621140897008e-01 -1.616129511604759594e+00
5.200000000000000455e-02 9.061839326024849761e-01 -1.609066581720470346e+00
5.299999999999999850e-02 9.045748660207645342e-01 -1.602020411543134903e+00
5.399999999999999939e-02 9.029728456092214195e-01 -1.594990941935467088e+00
5.500000000000000028e-02 9.013778546672859271e-01 -1.587978113919876311e+00
5.600000000000000117e-02 8.997898765533660637e-01 -1.580981868677952651e+00
5.700000000000000205e-02 8.982088946846881194e-01 -1.574002147549954600e+00
5.800000000000000294e-02 8.966348925371381284e-01 -1.567038892034296582e+00
5.900000000000000383e-02 8.950678536451038836e-01 -1.560092043787039362e+00
5.999999999999999778e-02 8.935077616013168411e-01 -1.553161544621381784e+00
6.099999999999999867e-02 8.919546000566954680e-01 -1.546247336507152514e+00
6.199999999999999956e-02 8.904083527201883674e-01 -1.539349361570305108e+00
6.300000000000000044e-02 8.888690033586180705e-01 -1.532467562092413749e+00
6.400000000000000133e-02 8.873365357965256051e-01 -1.525601880510169650e+00
6.500000000000000222e-02 8.858109339160153972e-01 -1.518752259414880346e+00
6.600000000000000311e-02 8.842921816566005067e-01 -1.511918641551969422e+00
6.700000000000000400e-02 8.827802630150485275e-01 -1.505100969820477808e+00
6.800000000000000488e-02 8.812751620452280443e-01 -1.498299187272567057e+00
6.900000000000000577e-02 8.797768628579554218e-01 -1.491513237113023083e+00
7.000000000000000666e-02 8.782853496208423705e-01 -1.484743062698762328e+00
7.100000000000000755e-02 8.768006065581436248e-01 -1.477988607538338606e+00
7.200000000000000844e-02 8.753226179506052862e-01 -1.471249815291451490e+00
7.299999999999999545e-02 8.738513681353138329e-01 -1.464526629768456489e+00
7.399999999999999634e-02 8.723868415055453518e-01 -1.457818994929876100e+00
7.499999999999999722e-02 8.709290225106154359e-01 -1.451126854885912865e+00
7.599999999999999811e-02 8.694778956557295269e-01 -1.444450153895963318e+00
7.699999999999999900e-02 8.680334455018335893e-01 -1.437788836368133039e+00
7.799999999999999989e-02 8.665956566654654525e-01 -1.431142846858753925e+00
7.900000000000000078e-02 8.651645138186067063e-01 -1.424512130071902360e+00
8.000000000000000167e-02 8.637400016885348197e-01 -1.417896630858918927e+00
8.100000000000000255e-02 8.623221050576759250e-01 -1.411296294217928793e+00
8.200000000000000344e-02 8.609108087634580464e-01 -1.404711065293364758e+00
8.300000000000000433e-02 8.595060976981646617e-01 -1.398140889375490747e+00
8.400000000000000522e-02 8.581079568087891518e-01 -1.391585711899926192e+00
8.500000000000000611e-02 8.567163710968892509e-01 -1.385045478447173517e+00
8.600000000000000699e-02 8.553313256184420510e-01 -1.378520134742144965e+00
8.700000000000000788e-02 8.539528054836998949e-01 -1.372009626653692083e+00
8.799999999999999489e-02 8.525807958570461587e-01 -1.365513900194136099e+00
8.899999999999999578e-02 8.512152819568520323e-01 -1.359032901518799630e+00
8.999999999999999667e-02 8.498562490553331905e-01 -1.352566576925539721e+00
9.099999999999999756e-02 8.485036824784076837e-01 -1.346114872854282218e+00
9.199999999999999845e-02 8.471575676055533854e-01 -1.339677735886557475e+00
9.299999999999999933e-02 8.458178898696668835e-01 -1.333255112745037607e+00
9.400000000000000022e-02 8.444846347569218148e-01 -1.326846950293074645e+00
9.500000000000000111e-02 8.431577878066287557e-01 -1.320453195534240010e+00
9.600000000000000200e-02 8.418373346110945565e-01 -1.314073795611865991e+00
9.700000000000000289e-02 8.405232608154826757e-01 -1.307708697808587450e+00
9.800000000000000377e-02 8.392155521176740685e-01 -1.301357849545885959e+00
9.900000000000000466e-02 8.379141942681281874e-01 -1.295021198383633942e+00
1.000000000000000056e-01 8.366191730697445372e-01 -1.288698692019641490e+00
1.010000000000000064e-01 8.353304743777248964e-01 -1.282390278289203378e+00
1.020000000000000073e-01 8.340480840994356493e-01 -1.276095905164647881e+00
1.030000000000000082e-01 8.327719881942710067e-01 -1.269815520754886684e+00
1.040000000000000091e-01 8.315021726735161156e-01 -1.263549073304966130e+00
1.049999999999999961e-01 8.302386236002111675e-01 -1.257296511195620026e+00
1.059999999999999970e-01 8.289813270890155072e-01 -1.251057782942823104e+00
1.069999999999999979e-01 8.277302693060726302e-01 -1.244832837197346276e+00
1.079999999999999988e-01 8.264854364688752897e-01 -1.238621622744312534e+00
1.089999999999999997e-01 8.252468148461309383e-01 -1.232424088502754866e+00
1.100000000000000006e-01 8.240143907576281679e-01 -1.226240183525175276e+00
1.110000000000000014e-01 8.227881505741030388e-01 -1.220069856997104241e+00
1.120000000000000023e-01 8.215680807171059641e-01 -1.213913058236662623e+00
1.130000000000000032e-01 8.203541676588692599e-01 -1.207769736694123353e+00
1.140000000000000041e-01 8.191463979221751401e-01 -1.201639841951475995e+00
1.150000000000000050e-01 8.179447580802237106e-01 -1.195523323721991549e+00
1.160000000000000059e-01 8.167492347565017408e-01 -1.189420131849788120e+00
1.170000000000000068e-01 8.155598146246519908e-01 -1.183330216309399274e+00
1.180000000000000077e-01 8.143764844083425380e-01 -1.177253527205341932e+00
1.190000000000000085e-01 8.131992308811372139e-01 -1.171190014771686494e+00
1.199999999999999956e-01 8.120280408663654859e-01 -1.165139629371628072e+00
1.209999999999999964e-01 8.108629012369938938e-01 -1.159102321497058163e+00
1.219999999999999973e-01 8.097037989154968196e-01 -1.153078041768139217e+00
1.229999999999999982e-01 8.085507208737287010e-01 -1.147066740932878082e+00
1.239999999999999991e-01 8.074036541327958005e-01 -1.141068369866702792e+00
1.250000000000000000e-01 8.062625857629290849e-01 -1.135082879572039349e+00
1.260000000000000009e-01 8.051275028833569936e-01 -1.129110221177889839e+00
1.270000000000000018e-01 8.039983926621790955e-01 -1.123150345939411876e+00
1.280000000000000027e-01 8.028752423162396346e-01 -1.117203205237499386e+00
1.290000000000000036e-01 8.017580391110021854e-01 -1.111268750578364495e+00
1.300000000000000044e-01 8.006467703604238650e-01 -1.105346933593120085e+00
1.310000000000000053e-01 7.995414234268307663e-01 -1.099437706037364348e+00
1.320000000000000062e-01 7.984419857207933902e-01 -1.093541019790766011e+00
1.330000000000000071e-01 7.973484447010026344e-01 -1.087656826856650438e+00
1.340000000000000080e-01 7.962607878741460032e-01 -1.081785079361587742e+00
1.350000000000000089e-01 7.951790027947843731e-01 -1.075925729554981336e+00
1.360000000000000098e-01 7.941030770652294235e-01 -1.070078729808657592e+00
1.370000000000000107e-01 7.930329983354207357e-01 -1.064244032616457503e+00
1.380000000000000115e-01 7.919687543028042231e-01 -1.058421590593828565e+00
1.390000000000000124e-01 7.909103327122103400e-01 -1.052611356477417992e+00
1.400000000000000133e-01 7.898577213557329557e-01 -1.046813283124667260e+00
1.410000000000000142e-01 7.888109080726083411e-01 -1.041027323513408209e+00
1.420000000000000151e-01 7.877698807490949306e-01 -1.035253430741459146e+00
1.430000000000000160e-01 7.867346273183534189e-01 -1.029491558026223164e+00
1.440000000000000169e-01 7.857051357603271891e-01 -1.023741658704286905e+00
1.449999999999999900e-01 7.846813941016228533e-01 -1.018003686231020666e+00
1.459999999999999909e-01 7.836633904153917918e-01 -1.012277594180179818e+00
1.469999999999999918e-01 7.826511128212115809e-01 -1.006563336243507356e+00
1.479999999999999927e-01 7.816445494849680875e-01 -1.000860866230336654e+00
1.489999999999999936e-01 7.806436886187377855e-01 -9.951701380671965635e-01
1.499999999999999944e-01 7.796485184806706270e-01 -9.894911057974169477e-01
1.509999999999999953e-01 7.786590273748732471e-01 -9.838237235807355541e-01
1.519999999999999962e-01 7.776752036512925015e-01 -9.781679456929055494e-01
1.529999999999999971e-01 7.766970357055995589e-01 -9.725237265253049435e-01
1.539999999999999980e-01 7.757245119790742161e-01 -9.668910205845460126e-01
1.549999999999999989e-01 7.747576209584896567e-01 -9.612697824920870548e-01
1.559999999999999998e-01 7.737963511759975432e-01 -9.556599669838440336e-01
1.570000000000000007e-01 7.728406912090136638e-01 -9.500615289098042204e-01
1.580000000000000016e-01 7.718906296801039124e-01 -9.444744232336402812e-01
1.590000000000000024e-01 7.709461552568702691e-01 -9.388986050323260280e-01
1.600000000000000033e-01 7.700072566518378903e-01 -9.333340294957525041e-01
1.610000000000000042e-01 7.690739226223420877e-01 -9.277806519263457341e-01
1.620000000000000051e-01 7.681461419704157523e-01 -9.222384277386853624e-01
1.630000000000000060e-01 7.672239035426771103e-01 -9.167073124591241795e-01
1.640000000000000069e-01 7.663071962302180351e-01 -9.111872617254089812e-01
1.650000000000000078e-01 7.653960089684925805e-01 -9.056782312863023154e-01
1.660000000000000087e-01 7.644903307372062917e-01 -9.001801770012050063e-01
1.670000000000000095e-01 7.635901505602050721e-01 -8.946930548397805660e-01
1.680000000000000104e-01 7.626954575053652707e-01 -8.892168208815796060e-01
1.690000000000000113e-01 7.618062406844836598e-01 -8.837514313156658030e-01
1.700000000000000122e-01 7.609224892531679663e-01 -8.782968424402431973e-01
1.710000000000000131e-01 7.600441924107277369e-01 -8.728530106622839346e-01
1.720000000000000140e-01 7.591713394000654258e-01 -8.674198924971572300e-01
1.730000000000000149e-01 7.583039195075682581e-01 -8.619974445682596631e-01
1.740000000000000158e-01 7.574419220629999838e-01 -8.565856236066460294e-01
1.750000000000000167e-01 7.565853364393932967e-01 -8.511843864506614121e-01
1.759999999999999898e-01 7.557341520529425871e-01 -8.457936900455743645e-01
1.769999999999999907e-01 7.548883583628970273e-01 -8.404134914432110914e-01
1.779999999999999916e-01 7.540479448714537680e-01 -8.350437478015905191e-01
1.789999999999999925e-01 7.532129011236521343e-01 -8.296844163845602527e-01
1.799999999999999933e-01 7.523832167072675992e-01 -8.243354545614337558e-01
1.809999999999999942e-01 7.515588812527062013e-01 -8.189968198066287508e-01
1.819999999999999951e-01 7.507398844328995180e-01 -8.136684696993058408e-01
1.829999999999999960e-01 7.499262159632001934e-01 -8.083503619230091308e-01
1.839999999999999969e-01 7.491178656012771331e-01 -8.030424542653069597e-01
1.849999999999999978e-01 7.483148231470118095e-01 -7.977447046174339640e-01
1.859999999999999987e-01 7.475170784423943449e-01 -7.924570709739344743e-01
1.869999999999999996e-01 7.467246213714203718e-01 -7.871795114323061338e-01
1.880000000000000004e-01 7.459374418599881151e-01 -7.819119841926452930e-01
1.890000000000000013e-01 7.451555298757954748e-01 -7.766544475572927375e-01
1.900000000000000022e-01 7.443788754282382181e-01 -7.714068599304806373e-01
1.910000000000000031e-01 7.436074685683077279e-01 -7.661691798179807167e-01
1.920000000000000040e-01 7.428412993884897508e-01 -7.609413658267528691e-01
1.930000000000000049e-01 7.420803580226630336e-01 -7.557233766645952144e-01
1.940000000000000058e-01 7.413246346459984037e-01 -7.505151711397946013e-01
1.950000000000000067e-01 7.405741194748586276e-01 -7.453167081607787736e-01
1.960000000000000075e-01 7.398288027666978239e-01 -7.401279467357688713e-01
1.970000000000000084e-01 7.390886748199620992e-01 -7.349488459724329292e-01
1.980000000000000093e-01 7.383537259739896275e-01 -7.297793650775407093e-01
1.990000000000000102e-01 7.376239466089120622e-01 -7.246194633566191978e-01
2.000000000000000111e-01 7.368993271455553939e-01 -7.194691002136091029e-01
2.010000000000000120e-01 7.361798580453418062e-01 -7.143282351505221284e-01
2.020000000000000129e-01 7.354655298101913097e-01 -7.091968277670995802e-01
2.030000000000000138e-01 7.347563329824242651e-01 -7.040748377604713060e-01
2.040000000000000147e-01 7.340522581446637940e-01 -6.989622249248163000e-01
2.050000000000000155e-01 7.333532959197389678e-01 -6.938589491510235296e-01
2.060000000000000164e-01 7.326594369705879961e-01 -6.887649704263540951e-01
2.070000000000000173e-01 7.319706720001616373e-01 -6.836802488341041650e-01
2.080000000000000182e-01 7.312869917513274975e-01 -6.786047445532691347e-01
2.089999999999999913e-01 7.306083870067742181e-01 -6.735384178582078940e-01
2.099999999999999922e-01 7.299348485889159965e-01 -6.684812291183090949e-01
2.109999999999999931e-01 7.292663673597976626e-01 -6.634331387976573069e-01
2.119999999999999940e-01 7.286029342209999760e-01 -6.583941074547008387e-01
2.129999999999999949e-01 7.279445401135452576e-01 -6.533640957419201145e-01
2.139999999999999958e-01 7.272911760178033536e-01 -6.483430644054969383e-01
2.149999999999999967e-01 7.266428329533978214e-01 -6.433309742849846469e-01
2.159999999999999976e-01 7.259995019791127824e-01 -6.383277863129792618e-01
2.169999999999999984e-01 7.253611741927997736e-01 -6.333334615147916402e-01
2.179999999999999993e-01 7.247278407312849335e-01 -6.283479610081200706e-01
2.190000000000000002e-01 7.240994927702768535e-01 -6.233712460027241997e-01
2.200000000000000011e-01 7.234761215242740962e-01 -6.184032778000998487e-01
2.210000000000000020e-01 7.228577182464740458e-01 -6.134440177931540505e-01
2.220000000000000029e-01 7.222442742286808715e-01 -6.084934274658820863e-01
2.230000000000000038e-01 7.216357808012150432e-01 -6.035514683930440771e-01
2.240000000000000047e-01 7.210322293328219612e-01 -5.986181022398437968e-01
2.250000000000000056e-01 7.204336112305821382e-01 -5.936932907616070398e-01
2.260000000000000064e-01 7.198399179398204950e-01 -5.887769958034619888e-01
2.270000000000000073e-01 7.192511409440169867e-01 -5.838691793000195807e-01
2.280000000000000082e-01 7.186672717647170083e-01 -5.789698032750554280e-01
2.290000000000000091e-01 7.180883019614419105e-01 -5.740788298411920731e-01
2.300000000000000100e-01 7.175142231316007368e-01 -5.691962211995822418e-01
2.310000000000000109e-01 7.169450269104011841e-01 -5.643219396395930954e-01
2.320000000000000118e-01 7.163807049707615615e-01 -5.594559475384910385e-01
2.330000000000000127e-01 7.158212490232230829e-01 -5.545982073611279706e-01
2.340000000000000135e-01 7.152666508158619374e-01 -5.497486816596275361e-01
2.350000000000000144e-01 7.147169021342023587e-01 -5.449073330730727083e-01
2.360000000000000153e-01 7.141719948011292507e-01 -5.400741243271943715e-01
2.370000000000000162e-01 7.136319206768020340e-01 -5.352490182340603475e-01
2.380000000000000171e-01 7.130966716585679377e-01 -5.304319776917654217e-01
2.390000000000000180e-01 7.125662396808761789e-01 -5.256229656841222564e-01
2.399999999999999911e-01 7.120406167151920318e-01 -5.208219452803528604e-01
2.409999999999999920e-01 7.115197947699116732e-01 -5.160288796347813900e-01
2.419999999999999929e-01 7.110037658902769175e-01 -5.112437319865271723e-01
2.429999999999999938e-01 7.104925221582903960e-01 -5.064664656591989500e-01
2.439999999999999947e-01 7.099860556926311794e-01 -5.016970440605900139e-01
2.449999999999999956e-01 7.094843586485706233e-01 -4.969354306823736134e-01
2.459999999999999964e-01 7.089874232178882130e-01 -4.921815890997998100e-01
2.469999999999999973e-01 7.084952416287884081e-01 -4.874354829713926640e-01
2.479999999999999982e-01 7.080078061458170424e-01 -4.826970760386485315e-01
2.489999999999999991e-01 7.075251090697783907e-01 -4.779663321257349717e-01
2.500000000000000000e-01 7.070471427376526785e-01 -4.732432151391905428e-01
2.510000000000000009e-01 7.065738995225134822e-01 -4.685276890676254302e-01
2.520000000000000018e-01 7.061053718334459051e-01 -4.638197179814227411e-01
2.530000000000000027e-01 7.056415521154645321e-01 -4.591192660324406316e-01
2.540000000000000036e-01 7.051824328494320504e-01 -4.544262974537153776e-01
2.550000000000000044e-01 7.047280065519783143e-01 -4.497407765591650564e-01
2.560000000000000053e-01 7.042782657754191877e-01 -4.450626677432940048e-01
2.570000000000000062e-01 7.038332031076759421e-01 -4.403919354808982223e-01
2.580000000000000071e-01 7.033928111721950982e-01 -4.357285443267712721e-01
2.590000000000000080e-01 7.029570826278683793e-01 -4.310724589154113495e-01
2.600000000000000089e-01 7.025260101689529968e-01 -4.264236439607287377e-01
2.610000000000000098e-01 7.020995865249922696e-01 -4.217820642557542632e-01
2.620000000000000107e-01 7.016778044607364651e-01 -4.171476846723485288e-01
2.630000000000000115e-01 7.012606567760640841e-01 -4.125204701609117564e-01
2.640000000000000124e-01 7.008481363059031466e-01 -4.079003857500944630e-01
2.650000000000000133e-01 7.004402359201530315e-01 -4.032873965465089694e-01
2.660000000000000142e-01 7.000369485236065392e-01 -3.986814677344415192e-01
2.670000000000000151e-01 6.996382670558720651e-01 -3.940825645755654527e-01
2.680000000000000160e-01 6.992441844912965498e-01 -3.894906524086546584e-01
2.690000000000000169e-01 6.988546938388878749e-01 -3.849056966492982457e-01
2.700000000000000178e-01 6.984697881422385901e-01 -3.803276627896156059e-01
2.710000000000000187e-01 6.980894604794489755e-01 -3.757565163979725842e-01
2.720000000000000195e-01 6.977137039630509907e-01 -3.711922231186979282e-01
2.730000000000000204e-01 6.973425117399323359e-01 -3.666347486718009030e-01
2.740000000000000213e-01 6.969758769912605123e-01 -3.620840588526895165e-01
2.750000000000000222e-01 6.966137929324077716e-01 -3.575401195318892444e-01
2.760000000000000231e-01 6.962562528128758421e-01 -3.530028966547629210e-01
2.770000000000000240e-01 6.959032499162211005e-01 -3.484723562412309072e-01
2.780000000000000249e-01 6.955547775599798532e-01 -3.439484643854923696e-01
2.790000000000000258e-01 6.952108290955943959e-01 -3.394311872557470022e-01
2.800000000000000266e-01 6.948713979083386283e-01 -3.349204910939176938e-01
2.810000000000000275e-01 6.945364774172446687e-01 -3.304163422153737484e-01
2.820000000000000284e-01 6.942060610750292460e-01 -3.259187070086548843e-01
2.830000000000000293e-01 6.938801423680205360e-01 -3.214275519351960653e-01
2.840000000000000302e-01 6.935587148160853310e-01 -3.169428435290527202e-01
2.850000000000000311e-01 6.932417719725563199e-01 -3.124645483966271287e-01
2.860000000000000320e-01 6.929293074241597017e-01 -3.079926332163951397e-01
2.870000000000000329e-01 6.926213147909433543e-01 -3.035270647386337783e-01
2.880000000000000338e-01 6.923177877262046698e-01 -2.990678097851494632e-01
2.889999999999999791e-01 6.920187199164195002e-01 -2.946148352490071121e-01
2.899999999999999800e-01 6.917241050811705483e-01 -2.901681080942595803e-01
2.909999999999999809e-01 6.914339369730763130e-01 -2.857275953556783210e-01
2.919999999999999818e-01 6.911482093777205904e-01 -2.812932641384842114e-01
2.929999999999999827e-01 6.908669161135820858e-01 -2.768650816180793783e-01
2.939999999999999836e-01 6.905900510319640251e-01 -2.724430150397798012e-01
2.949999999999999845e-01 6.903176080169242113e-01 -2.680270317185482476e-01
2.959999999999999853e-01 6.900495809852056350e-01 -2.636170990387281532e-01
2.969999999999999862e-01 6.897859638861668641e-01 -2.592131844537781671e-01
2.979999999999999871e-01 6.895267507017130981e-01 -2.548152554860073637e-01
2.989999999999999880e-01 6.892719354462271131e-01 -2.504232797263110655e-01
2.999999999999999889e-01 6.890215121665007603e-01 -2.460372248339073864e-01
3.009999999999999898e-01 6.887754749416667988e-01 -2.416570585360744705e-01
3.019999999999999907e-01 6.885338178831307276e-01 -2.372827486278883957e-01
3.029999999999999916e-01 6.882965351345028404e-01 -2.329142629719617164e-01
3.039999999999999925e-01 6.880636208715308344e-01 -2.285515694981827273e-01
3.049999999999999933e-01 6.878350693020326423e-01 -2.241946362034553664e-01
3.059999999999999942e-01 6.876108746658291526e-01 -2.198434311514397277e-01
3.069999999999999951e-01 6.873910312346777074e-01 -2.154979224722933240e-01
3.079999999999999960e-01 6.871755333122053777e-01 -2.111580783624129598e-01
3.089999999999999969e-01 6.869643752338430165e-01 -2.068238670841773263e-01
3.099999999999999978e-01 6.867575513667588671e-01 -2.024952569656900958e-01
3.109999999999999987e-01 6.865550561097931714e-01 -1.981722164005238485e-01
3.119999999999999996e-01 6.863568838933926664e-01 -1.938547138474645548e-01
3.130000000000000004e-01 6.861630291795451919e-01 -1.895427178302567239e-01
3.140000000000000013e-01 6.859734864617149652e-01 -1.852361969373491901e-01
3.150000000000000022e-01 6.857882502647776324e-01 -1.809351198216415657e-01
3.160000000000000031e-01 6.856073151449559866e-01 -1.766394552002312490e-01
3.170000000000000040e-01 6.854306756897557973e-01 -1.723491718541612927e-01
3.180000000000000049e-01 6.852583265179016392e-01 -1.680642386281686051e-01
3.190000000000000058e-01 6.850902622792734986e-01 -1.637846244304330123e-01
3.200000000000000067e-01 6.849264776548430467e-01 -1.595102982323269303e-01
3.210000000000000075e-01 6.847669673566106896e-01 -1.552412290681655371e-01
3.220000000000000084e-01 6.846117261275425081e-01 -1.509773860349576946e-01
3.230000000000000093e-01 6.844607487415075298e-01 -1.467187382921574801e-01
3.240000000000000102e-01 6.843140300032153345e-01 -1.424652550614162738e-01
3.250000000000000111e-01 6.841715647481538820e-01 -1.382169056263355678e-01
3.260000000000000120e-01 6.840333478425275615e-01 -1.339736593322203018e-01
3.270000000000000129e-01 6.838993741831953521e-01 -1.297354855858329215e-01
3.280000000000000138e-01 6.837696386976095386e-01 -1.255023538551479079e-01
3.290000000000000147e-01 6.836441363437544272e-01 -1.212742336691070982e-01
3.300000000000000155e-01 6.835228621100852830e-01 -1.170510946173754646e-01
3.310000000000000164e-01 6.834058110154679344e-01 -1.128329063500975726e-01
3.320000000000000173e-01 6.832929781091178212e-01 -1.086196385776546647e-01
3.330000000000000182e-01 6.831843584705401540e-01 -1.044112610704222982e-01
3.340000000000000191e-01 6.830799472094697400e-01 -1.002077436585286363e-01
3.350000000000000200e-01 6.829797394658112530e-01 -9.600905623161329339e-02
3.360000000000000209e-01 6.828837304095796146e-01 -9.181516873858680539e-02
3.370000000000000218e-01 6.827919152408410408e-01 -8.762605118739073828e-02
3.380000000000000226e-01 6.827042891896536458e-01 -8.344167364475829629e-02
3.390000000000000235e-01 6.826208475160089328e-01 -7.926200623597561001e-02
3.400000000000000244e-01 6.825415855097729523e-01 -7.508701914464357974e-02
3.410000000000000253e-01 6.824664984906283483e-01 -7.091668261244030158e-02
3.420000000000000262e-01 6.823955818080159608e-01 -6.675096693888409038e-02
3.430000000000000271e-01 6.823288308410770941e-01 -6.258984248109711324e-02
3.440000000000000280e-01 6.822662409985960075e-01 -5.843327965356955034e-02
3.450000000000000289e-01 6.822078077189424050e-01 -5.428124892792440814e-02
3.460000000000000298e-01 6.821535264700144818e-01 -5.013372083268283208e-02
3.470000000000000306e-01 6.821033927491817472e-01 -4.599066595303006461e-02
3.480000000000000315e-01 6.820574020832287365e-01 -4.185205493058194448e-02
3.490000000000000324e-01 6.820155500282981675e-01 -3.771785846315198892e-02
3.500000000000000333e-01 6.819778321698349854e-01 -3.358804730451904474e-02
3.510000000000000342e-01 6.819442441225305185e-01 -2.946259226419551541e-02
3.519999999999999796e-01 6.819147815302663007e-01 -2.534146420719613629e-02
3.529999999999999805e-01 6.818894400660591160e-01 -2.122463405380734316e-02
3.539999999999999813e-01 6.818682154320052646e-01 -1.711207277935718196e-02
3.549999999999999822e-01 6.818511033592259407e-01 -1.300375141398579446e-02
3.559999999999999831e-01 6.818380996078119427e-01 -8.899641042416452097e-03
3.569999999999999840e-01 6.818291999667694947e-01 -4.799712803727164065e-03
3.579999999999999849e-01 6.818244002539657345e-01 -7.039378911228195979e-04
3.589999999999999858e-01 6.818236963160746456e-01 3.387712448292097209e-03
3.599999999999999867e-01 6.818270840285229895e-01 7.475266913740253108e-03
3.609999999999999876e-01 6.818345592954366818e-01 1.155875415099765109e-02
3.619999999999999885e-01 6.818461180495877239e-01 1.563820275261927281e-02
3.629999999999999893e-01 6.818617562523403564e-01 1.971364125816418150e-02
3.639999999999999902e-01 6.818814698935985463e-01 2.378509815442005765e-02
3.649999999999999911e-01 6.819052549917529182e-01 2.785260187562722811e-02
3.659999999999999920e-01 6.819331075936285735e-01 3.191618080370212107e-02
3.669999999999999929e-01 6.819650237744322441e-01 3.597586326846018839e-02
3.679999999999999938e-01 6.820009996377006667e-01 4.003167754783832494e-02
3.689999999999999947e-01 6.820410313152485138e-01 4.408365186811669112e-02
3.699999999999999956e-01 6.820851149671166569e-01 4.813181440414006362e-02
3.709999999999999964e-01 6.821332467815207634e-01 5.217619327953862407e-02
3.719999999999999973e-01 6.821854229748003373e-01 5.621681656694821339e-02
3.729999999999999982e-01 6.822416397913673158e-01 6.025371228823006575e-02
3.739999999999999991e-01 6.823018935036555543e-01 6.428690841469003603e-02
3.750000000000000000e-01 6.823661804120702001e-01 6.831643286729727205e-02
3.760000000000000009e-01 6.824344968449375104e-01 7.234231351690240119e-02
3.770000000000000018e-01 6.825068391584544480e-01 7.636457818445512025e-02
3.780000000000000027e-01 6.825832037366389438e-01 8.038325464122139663e-02
3.790000000000000036e-01 6.826635869912801580e-01 8.439837060900000354e-02
3.800000000000000044e-01 6.827479853618891870e-01 8.840995376033868036e-02
3.810000000000000053e-01 6.828363953156495469e-01 9.241803171874968248e-02
3.820000000000000062e-01 6.829288133473683242e-01 9.642263205892483147e-02
3.830000000000000071e-01 6.830252359794272143e-01 1.004237823069501212e-01
3.840000000000000080e-01 6.831256597617341164e-01 1.044215099405197411e-01
3.850000000000000089e-01 6.832300812716746163e-01 1.084158423891496276e-01
3.860000000000000098e-01 6.833384971140638031e-01 1.124068070343905296e-01
3.870000000000000107e-01 6.834509039210981962e-01 1.163944312100405193e-01
3.880000000000000115e-01 6.835672983523082280e-01 1.203787422023570725e-01
3.890000000000000124e-01 6.836876770945106152e-01 1.243597672502685658e-01
3.900000000000000133e-01 6.838120368617608413e-01 1.283375335455853583e-01
3.910000000000000142e-01 6.839403743953064163e-01 1.323120682332103448e-01
3.920000000000000151e-01 6.840726864635395810e-01 1.362833984113489827e-01
3.930000000000000160e-01 6.842089698619508997e-01 1.402515511317188601e-01
3.940000000000000169e-01 6.843492214130826312e-01 1.442165533997588345e-01
3.950000000000000178e-01 6.844934379664824320e-01 1.481784321748375599e-01
3.960000000000000187e-01 6.846416163986572823e-01 1.521372143704616264e-01
3.970000000000000195e-01 6.847937536130277447e-01 1.560929268544831161e-01
3.980000000000000204e-01 6.849498465398822233e-01 1.600455964493067984e-01
3.990000000000000213e-01 6.851098921363315553e-01 1.639952499320967982e-01
4.000000000000000222e-01 6.852738873862636027e-01 1.679419140349826811e-01
4.010000000000000231e-01 6.854418293002986218e-01 1.718856154452652885e-01
4.020000000000000240e-01 6.856137149157438548e-01 1.758263808056218236e-01
4.030000000000000249e-01 6.857895412965494542e-01 1.797642367143106601e-01
4.040000000000000258e-01 6.859693055332637401e-01 1.836992097253756506e-01
4.050000000000000266e-01 6.861530047429891255e-01 1.876313263488498528e-01
4.060000000000000275e-01 6.863406360693379282e-01 1.915606130509589500e-01
4.070000000000000284e-01 6.865321966823888511e-01 1.954870962543240054e-01
4.080000000000000293e-01 6.867276837786431276e-01 1.994108023381640227e-01
4.090000000000000302e-01 6.869270945809813345e-01 2.033317576384977288e-01
4.100000000000000311e-01 6.871304263386198707e-01 2.072499884483451071e-01
4.110000000000000320e-01 6.873376763270682144e-01 2.111655210179284869e-01
4.120000000000000329e-01 6.875488418480861785e-01 2.150783815548729661e-01
4.130000000000000338e-01 6.877639202296410570e-01 2.189885962244066120e-01
4.140000000000000346e-01 6.879829088258654357e-01 2.228961911495600523e-01
4.150000000000000355e-01 6.882058050170150043e-01 2.268011924113656763e-01
4.160000000000000364e-01 6.884326062094263676e-01 2.307036260490563928e-01
4.169999999999999818e-01 6.886633098354754123e-01 2.346035180602638881e-01
4.179999999999999827e-01 6.888979133535356736e-01 2.385008944012164678e-01
4.189999999999999836e-01 6.891364142479369237e-01 2.423957809869364544e-01
4.199999999999999845e-01 6.893788100289238718e-01 2.462882036914371409e-01
4.209999999999999853e-01 6.896250982326153078e-01 2.501781883479192725e-01
4.219999999999999862e-01 6.898752764209632460e-01 2.540657607489670289e-01
4.229999999999999871e-01 6.901293421817121798e-01 2.579509466467438394e-01
4.239999999999999880e-01 6.903872931283588921e-01 2.618337717531873943e-01
4.249999999999999889e-01 6.906491269001120425e-01 2.657142617402043494e-01
4.259999999999999898e-01 6.909148411618522001e-01 2.695924422398648379e-01
4.269999999999999907e-01 6.911844336040920966e-01 2.734683388445960928e-01
4.279999999999999916e-01 6.914579019429366591e-01 2.773419771073760698e-01
4.289999999999999925e-01 6.917352439200440406e-01 2.812133825419262934e-01
4.299999999999999933e-01 6.920164573025859855e-01 2.850825806229046466e-01
4.309999999999999942e-01 6.923015398832088607e-01 2.889495967860972736e-01
4.319999999999999951e-01 6.925904894799949085e-01 2.928144564286104257e-01
4.329999999999999960e-01 6.928833039364235002e-01 2.966771849090618085e-01
4.339999999999999969e-01 6.931799811213326112e-01 3.005378075477712629e-01
4.349999999999999978e-01 6.934805189288804073e-01 3.043963496269515012e-01
4.359999999999999987e-01 6.937849152785073858e-01 3.082528363908978442e-01
4.369999999999999996e-01 6.940931681148982957e-01 3.121072930461780137e-01
4.380000000000000004e-01 6.944052754079445000e-01 3.159597447618212041e-01
4.390000000000000013e-01 6.947212351527063401e-01 3.198102166695070414e-01
4.400000000000000022e-01 6.950410453693758317e-01 3.236587338637537670e-01
4.410000000000000031e-01 6.953647041032395837e-01 3.275053214021062531e-01
4.420000000000000040e-01 6.956922094246417165e-01 3.313500043053235755e-01
4.430000000000000049e-01 6.960235594289470029e-01 3.351928075575660859e-01
4.440000000000000058e-01 6.963587522365045634e-01 3.390337561065822070e-01
4.450000000000000067e-01 6.966977859926111183e-01 3.428728748638946722e-01
4.460000000000000075e-01 6.970406588674750159e-01 3.467101887049864328e-01
4.470000000000000084e-01 6.973873690561800398e-01 3.505457224694862872e-01
4.480000000000000093e-01 6.977379147786495484e-01 3.543795009613538993e-01
4.490000000000000102e-01 6.980922942796109476e-01 3.582115489490644289e-01
4.500000000000000111e-01 6.984505058285600532e-01 3.620418911657930505e-01
4.510000000000000120e-01 6.988125477197258961e-01 3.658705523095986401e-01
4.520000000000000129e-01 6.991784182720355290e-01 3.696975570436074054e-01
4.530000000000000138e-01 6.995481158290791646e-01 3.735229299961960181e-01
4.540000000000000147e-01 6.999216387590753152e-01 3.773466957611743000e-01
4.550000000000000155e-01 7.002989854548364868e-01 3.811688788979675779e-01
4.560000000000000164e-01 7.006801543337344285e-01 3.849895039317986489e-01
4.570000000000000173e-01 7.010651438376662714e-01 3.888085953538692463e-01
4.580000000000000182e-01 7.014539524330201115e-01 3.926261776215413946e-01
4.590000000000000191e-01 7.018465786106417026e-01 3.964422751585179872e-01
4.600000000000000200e-01 7.022430208858002620e-01 4.002569123550233088e-01
4.610000000000000209e-01 7.026432777981552746e-01 4.040701135679831135e-01
4.620000000000000218e-01 7.030473479117232971e-01 4.078819031212040369e-01
4.630000000000000226e-01 7.034552298148445404e-01 4.116923053055531745e-01
4.640000000000000235e-01 7.038669221201501180e-01 4.155013443791366612e-01
4.650000000000000244e-01 7.042824234645292947e-01 4.193090445674784172e-01
4.660000000000000253e-01 7.047017325090967343e-01 4.231154300636981169e-01
4.670000000000000262e-01 7.051248479391604151e-01 4.269205250286889908e-01
4.680000000000000271e-01 7.055517684641890996e-01 4.307243535912952392e-01
4.690000000000000280e-01 7.059824928177803605e-01 4.345269398484890577e-01
4.700000000000000289e-01 7.064170197576288279e-01 4.383283078655472731e-01
4.710000000000000298e-01 7.068553480654943266e-01 4.421284816762274805e-01
4.720000000000000306e-01 7.072974765471705672e-01 4.459274852829442359e-01
4.730000000000000315e-01 7.077434040324535047e-01 4.497253426569443047e-01
4.740000000000000324e-01 7.081931293751104750e-01 4.535220777384820767e-01
4.750000000000000333e-01 7.086466514528489968e-01 4.573177144369942604e-01
4.760000000000000342e-01 7.091039691672860190e-01 4.611122766312743537e-01
4.770000000000000351e-01 7.095650814439172782e-01 4.649057881696467831e-01
4.780000000000000360e-01 7.100299872320868788e-01 4.686982728701406531e-01
4.790000000000000369e-01 7.104986855049569838e-01 4.724897545206630523e-01
4.799999999999999822e-01 7.109711752594776168e-01 4.762802568791721369e-01
4.809999999999999831e-01 7.114474555163567970e-01 4.800698036738498264e-01
4.819999999999999840e-01 7.119275253200306741e-01 4.838584186032741097e-01
4.829999999999999849e-01 7.124113837386339965e-01 4.876461253365910187e-01
4.839999999999999858e-01 7.128990298639705792e-01 4.914329475136862135e-01
4.849999999999999867e-01 7.133904628114842161e-01 4.952189087453563454e-01
4.859999999999999876e-01 7.138856817202295924e-01 4.990040326134799198e-01
4.869999999999999885e-01 7.143846857528430849e-01 5.027883426711877712e-01
4.879999999999999893e-01 7.148874740955142304e-01 5.065718624430336492e-01
4.889999999999999902e-01 7.153940459579573030e-01 5.103546154251636935e-01
4.899999999999999911e-01 7.159044005733824489e-01 5.141366250854862985e-01
4.909999999999999920e-01 7.164185371984679307e-01 5.179179148638410890e-01
4.919999999999999929e-01 7.169364551133318164e-01 5.216985081721680073e-01
4.929999999999999938e-01 7.174581536215040023e-01 5.254784283946758450e-01
4.939999999999999947e-01 7.179836320498986790e-01 5.292576988880102196e-01
4.949999999999999956e-01 7.185128897487866872e-01 5.330363429814215515e-01
4.959999999999999964e-01 7.190459260917680950e-01 5.368143839769328185e-01
4.969999999999999973e-01 7.195827404757449974e-01 5.405918451495065336e-01
4.979999999999999982e-01 7.201233323208945381e-01 5.443687497472115000e-01
4.989999999999999991e-01 7.206677010706417086e-01 5.481451209913896783e-01
5.000000000000000000e-01 7.212158461916331476e-01 5.519209820768221642e-01
5.010000000000000009e-01 7.217677671737099399e-01 5.556963561718951672e-01
5.020000000000000018e-01 7.223234635298818596e-01 5.594712664187655449e-01
5.030000000000000027e-01 7.228829347963006136e-01 5.632457359335261149e-01
5.040000000000000036e-01 7.234461805322340844e-01 5.670197878063704122e-01
5.050000000000000044e-01 7.240132003200404620e-01 5.707934451017574462e-01
5.060000000000000053e-01 7.245839937651422646e-01 5.745667308585759026e-01
5.070000000000000062e-01 7.251585604960008036e-01 5.783396680903082343e-01
5.080000000000000071e-01 7.257369001640910922e-01 5.821122797851939756e-01
5.090000000000000080e-01 7.263190124438763107e-01 5.858845889063932777e-01
5.100000000000000089e-01 7.269048970327827153e-01 5.896566183921501114e-01
5.110000000000000098e-01 7.274945536511748800e-01 5.934283911559546931e-01
5.120000000000000107e-01 7.280879820423308280e-01 5.971999300867057991e-01
5.130000000000000115e-01 7.286851819724174950e-01 6.009712580488730804e-01
5.140000000000000124e-01 7.292861532304664163e-01 6.047423978826587110e-01
5.150000000000000133e-01 7.298908956283490790e-01 6.085133724041588144e-01
5.160000000000000142e-01 7.304994090007532748e-01 6.122842044055247790e-01
5.170000000000000151e-01 7.311116932051587858e-01 6.160549166551237965e-01
5.180000000000000160e-01 7.317277481218139590e-01 6.198255318976996220e-01
5.190000000000000169e-01 7.323475736537116143e-01 6.235960728545327791e-01
5.200000000000000178e-01 7.329711697265661741e-01 6.273665622236005435e-01
5.210000000000000187e-01 7.335985362887897931e-01 6.311370226797363703e-01
5.220000000000000195e-01 7.342296733114694884e-01 6.349074768747893227e-01
5.230000000000000204e-01 7.348645807883442682e-01 6.386779474377833887e-01
5.240000000000000213e-01 7.355032587357820395e-01 6.424484569750756879e-01
5.250000000000000222e-01 7.361457071927570706e-01 6.462190280705153445e-01
5.260000000000000231e-01 7.367919262208275644e-01 6.499896832856013607e-01
5.270000000000000240e-01 7.374419159041131211e-01 6.537604451596407129e-01
5.280000000000000249e-01 7.380956763492727557e-01 6.575313362099057812e-01
5.290000000000000258e-01 7.387532076854826935e-01 6.613023789317915568e-01
5.300000000000000266e-01 7.394145100644144986e-01 6.650735957989726277e-01
5.310000000000000275e-01 7.400795836602134248e-01 6.688450092635601640e-01
5.320000000000000284e-01 7.407484286694769882e-01 6.726166417562579047e-01
5.330000000000000293e-01 7.414210453112332067e-01 6.763885156865184767e-01
5.340000000000000302e-01 7.420974338269197279e-01 6.801606534426993811e-01
5.350000000000000311e-01 7.427775944803624020e-01 6.839330773922182027e-01
5.360000000000000320e-01 7.434615275577546312e-01 6.877058098817081522e-01
5.370000000000000329e-01 7.441492333676363868e-01 6.914788732371729418e-01
5.380000000000000338e-01 7.448407122408735592e-01 6.952522897641415511e-01
5.390000000000000346e-01 7.455359645306377514e-01 6.990260817478226585e-01
5.400000000000000355e-01 7.462349906123856291e-01 7.028002714532586293e-01
5.410000000000000364e-01 7.469377908838389368e-01 7.065748811254797257e-01
5.420000000000000373e-01 7.476443657649644026e-01 7.103499329896573178e-01
5.430000000000000382e-01 7.483547156979540871e-01 7.141254492512574270e-01
5.440000000000000391e-01 7.490688411472053998e-01 7.179014520961939372e-01
5.450000000000000400e-01 7.497867425993015589e-01 7.216779636909810280e-01
5.460000000000000409e-01 7.505084205629924954e-01 7.254550061828858309e-01
5.470000000000000417e-01 7.512338755691754244e-01 7.292326017000808625e-01
5.480000000000000426e-01 7.519631081708755271e-01 7.330107723517957918e-01
5.490000000000000435e-01 7.526961189432272992e-01 7.367895402284692086e-01
5.500000000000000444e-01 7.534329084834557877e-01 7.405689274019000568e-01
5.510000000000000453e-01 7.541734774108577177e-01 7.443489559253988475e-01
5.520000000000000462e-01 7.549178263667830624e-01 7.481296478339386491e-01
5.530000000000000471e-01 7.556659560146169463e-01 7.519110251443054116e-01
5.540000000000000480e-01 7.564178670397612159e-01 7.556931098552488457e-01
5.550000000000000488e-01 7.571735601496164536e-01 7.594759239476321921e-01
5.560000000000000497e-01 7.579330360735641037e-01 7.632594893845822126e-01
5.570000000000000506e-01 7.586962955629487082e-01 7.670438281116390700e-01
5.580000000000000515e-01 7.594633393910603658e-01 7.708289620569050982e-01
5.590000000000000524e-01 7.602341683531173011e-01 7.746149131311945712e-01
5.600000000000000533e-01 7.610087832662485452e-01 7.784017032281820292e-01
5.610000000000000542e-01 7.617871849694767272e-01 7.821893542245513808e-01
5.620000000000000551e-01 7.625693743237013100e-01 7.859778879801436746e-01
5.630000000000000560e-01 7.633553522116814927e-01 7.897673263381057573e-01
5.640000000000000568e-01 7.641451195380195571e-01 7.935576911250377119e-01
5.650000000000000577e-01 7.649386772291445480e-01 7.973490041511407389e-01
5.660000000000000586e-01 7.657360262332957301e-01 8.011412872103644833e-01
5.670000000000000595e-01 7.665371675205060464e-01 8.049345620805539170e-01
5.680000000000000604e-01 7.673421020825865746e-01 8.087288505235964431e-01
5.690000000000000613e-01 7.681508309331102069e-01 8.125241742855683347e-01
5.700000000000000622e-01 7.689633551073957740e-01 8.163205550968813951e-01
5.710000000000000631e-01 7.697796756624926129e-01 8.201180146724288411e-01
5.720000000000000639e-01 7.705997936771650236e-01 8.239165747117314087e-01
5.730000000000000648e-01 7.714237102518767264e-01 8.277162568990826808e-01
5.740000000000000657e-01 7.722514265087757623e-01 8.315170829036948597e-01
5.750000000000000666e-01 7.730829435916795056e-01 8.353190743798438733e-01
5.760000000000000675e-01 7.739182626660593423e-01 8.391222529670141483e-01
5.769999999999999574e-01 7.747573849190263484e-01 8.429266402900434940e-01
5.779999999999999583e-01 7.756003115593164132e-01 8.467322579592676535e-01
5.789999999999999591e-01 7.764470438172756950e-01 8.505391275706642995e-01
5.799999999999999600e-01 7.772975829448464102e-01 8.543472707059972526e-01
5.809999999999999609e-01 7.781519302155524009e-01 8.581567089329603659e-01
5.819999999999999618e-01 7.790100869244853676e-01 8.619674638053207438e-01
5.829999999999999627e-01 7.798720543882906586e-01 8.657795568630622940e-01
5.839999999999999636e-01 7.807378339451537252e-01 8.695930096325289460e-01
5.849999999999999645e-01 7.816074269547862441e-01 8.734078436265673151e-01
5.859999999999999654e-01 7.824808347984127943e-01 8.772240803446694768e-01
5.869999999999999662e-01 7.833580588787574239e-01 8.810417412731152975e-01
5.879999999999999671e-01 7.842391006200305492e-01 8.848608478851147652e-01
5.889999999999999680e-01 7.851239614679156320e-01 8.886814216409498757e-01
5.899999999999999689e-01 7.860126428895566342e-01 8.925034839881164084e-01
5.909999999999999698e-01 7.869051463735448060e-01 8.963270563614655906e-01
5.919999999999999707e-01 7.878014734299062516e-01 9.001521601833454289e-01
5.929999999999999716e-01 7.887016255900896056e-01 9.039788168637414856e-01
5.939999999999999725e-01 7.896056044069533764e-01 9.078070478004183208e-01
5.949999999999999734e-01 7.905134114547538449e-01 9.116368743790596030e-01
5.959999999999999742e-01 7.914250483291328520e-01 9.154683179734091070e-01
5.969999999999999751e-01 7.923405166471062522e-01 9.193013999454104912e-01
5.979999999999999760e-01 7.932598180470517013e-01 9.231361416453477409e-01
5.989999999999999769e-01 7.941829541886969990e-01 9.269725644119847230e-01
5.999999999999999778e-01 7.951099267531089865e-01 9.308106895727049634e-01
6.009999999999999787e-01 7.960407374426816673e-01 9.346505384436508690e-01
6.019999999999999796e-01 7.969753879811253272e-01 9.384921323298632823e-01
6.029999999999999805e-01 7.979138801134552095e-01 9.423354925254201486e-01
6.039999999999999813e-01 7.988562156059806352e-01 9.461806403135754051e-01
6.049999999999999822e-01 7.998023962462942338e-01 9.500275969668977583e-01
6.059999999999999831e-01 8.007524238432611741e-01 9.538763837474085738e-01
6.069999999999999840e-01 8.017063002270086169e-01 9.577270219067207657e-01
6.079999999999999849e-01 8.026640272489153904e-01 9.615795326861761305e-01
6.089999999999999858e-01 8.036256067816015536e-01 9.654339373169834593e-01
6.099999999999999867e-01 8.045910407189185154e-01 9.692902570203560941e-01
6.109999999999999876e-01 8.055603309759388209e-01 9.731485130076492629e-01
6.119999999999999885e-01 8.065334794889464920e-01 9.770087264804971916e-01
6.129999999999999893e-01 8.075104882154270358e-01 9.808709186309503281e-01
6.139999999999999902e-01 8.084913591340580075e-01 9.847351106416118993e-01
6.149999999999999911e-01 8.094760942446995733e-01 9.886013236857745801e-01
6.159999999999999920e-01 8.104646955683852960e-01 9.924695789275570501e-01
6.169999999999999929e-01 8.114571651473128089e-01 9.963398975220397746e-01
6.179999999999999938e-01 8.124535050448348228e-01 1.000212300615401562e+00
6.189999999999999947e-01 8.134537173454502446e-01 1.004086809345055231e+00
6.199999999999999956e-01 8.144578041547952951e-01 1.007963444839782952e+00
6.209999999999999964e-01 8.154657675996350719e-01 1.011842228219872020e+00
6.219999999999999973e-01 8.164776098278548888e-01 1.015723180597249975e+00
6.229999999999999982e-01 8.174933330084521721e-01 1.019606323075619825e+00
6.239999999999999991e-01 8.185129393315278001e-01 1.023491676750594825e+00
6.250000000000000000e-01 8.195364310082784431e-01 1.027379262709833485e+00
6.260000000000000009e-01 8.205638102709882364e-01 1.031269102033173235e+00
6.270000000000000018e-01 8.215950793730214530e-01 1.035161215792766098e+00
6.280000000000000027e-01 8.226302405888141767e-01 1.039055625053211473e+00
6.290000000000000036e-01 8.236692962138674190e-01 1.042952350871691136e+00
6.300000000000000044e-01 8.247122485647391255e-01 1.046851414298102689e+00
6.310000000000000053e-01 8.257590999790371811e-01 1.050752836375193011e+00
6.320000000000000062e-01 8.268098528154124160e-01 1.054656638138692148e+00
6.330000000000000071e-01 8.278645094535510562e-01 1.058562840617445877e+00
6.340000000000000080e-01 8.289230722941685059e-01 1.062471464833549817e+00
6.350000000000000089e-01 8.299855437590020202e-01 1.066382531802481326e+00
6.360000000000000098e-01 8.310519262908044880e-01 1.070296062533232950e+00
6.370000000000000107e-01 8.321222223533377704e-01 1.074212078028444539e+00
6.380000000000000115e-01 8.331964344313662618e-01 1.078130599284536029e+00
6.390000000000000124e-01 8.342745650306507832e-01 1.082051647291839780e+00
6.400000000000000133e-01 8.353566166779425872e-01 1.085975243034731808e+00
6.410000000000000142e-01 8.364425919209773630e-01 1.089901407491764784e+00
6.420000000000000151e-01 8.375324933284691298e-01 1.093830161635798826e+00
6.430000000000000160e-01 8.386263234901049080e-01 1.097761526434133827e+00
6.440000000000000169e-01 8.397240850165390569e-01 1.101695522848640252e+00
6.450000000000000178e-01 8.408257805393877238e-01 1.105632171835890798e+00
6.460000000000000187e-01 8.419314127112236257e-01 1.109571494347291187e+00
6.470000000000000195e-01 8.430409842055709424e-01 1.113513511329211170e+00
6.480000000000000204e-01 8.441544977169000985e-01 1.117458243723115308e+00
6.490000000000000213e-01 8.452719559606232114e-01 1.121405712465693538e+00
6.500000000000000222e-01 8.463933616730888732e-01 1.125355938488991514e+00
6.510000000000000231e-01 8.475187176115778209e-01 1.129308942720541165e+00
6.520000000000000240e-01 8.486480265542983847e-01 1.133264746083490149e+00
6.530000000000000249e-01 8.497812913003818247e-01 1.137223369496732417e+00
6.540000000000000258e-01 8.509185146698785562e-01 1.141184833875037885e+00
6.550000000000000266e-01 8.520596995037535981e-01 1.145149160129182109e+00
6.560000000000000275e-01 8.532048486638827978e-01 1.149116369166075513e+00
6.570000000000000284e-01 8.543539650330488344e-01 1.153086481888892845e+00
6.580000000000000293e-01 8.555070515149377774e-01 1.157059519197202180e+00
6.590000000000000302e-01 8.566641110341349785e-01 1.161035501987094598e+00
6.600000000000000311e-01 8.578251465361220740e-01 1.165014451151312302e+00
6.610000000000000320e-01 8.589901609872734323e-01 1.168996387579377627e+00
6.620000000000000329e-01 8.601591573748528230e-01 1.172981332157721823e+00
6.630000000000000338e-01 8.613321387070105306e-01 1.176969305769813179e+00
6.640000000000000346e-01 8.625091080127803567e-01 1.180960329296285360e+00
6.650000000000000355e-01 8.636900683420766223e-01 1.184954423615065755e+00
6.660000000000000364e-01 8.648750227656917255e-01 1.188951609601503145e+00
6.670000000000000373e-01 8.660639743752932551e-01 1.192951908128495830e+00
6.680000000000000382e-01 8.672569262834217696e-01 1.196955340066619078e+00
6.690000000000000391e-01 8.684538816234883551e-01 1.200961926284253023e+00
6.700000000000000400e-01 8.696548435497726270e-01 1.204971687647709677e+00
6.710000000000000409e-01 8.708598152374202872e-01 1.208984645021360604e+00
6.720000000000000417e-01 8.720687998824416809e-01 1.213000819267763708e+00
6.730000000000000426e-01 8.732818007017094653e-01 1.217020231247790685e+00
6.740000000000000435e-01 8.744988209329572770e-01 1.221042901820753146e+00
6.750000000000000444e-01 8.757198638347780673e-01 1.225068851844530071e+00
6.760000000000000453e-01 8.769449326866225469e-01 1.229098102175694152e+00
6.770000000000000462e-01 8.781740307887981878e-01 1.233130673669638133e+00
6.780000000000000471e-01 8.794071614624677791e-01 1.237166587180701383e+00
6.790000000000000480e-01 8.806443280496484283e-01 1.241205863562295564e+00
6.800000000000000488e-01 8.818855339132106730e-01 1.245248523667031204e+00
6.810000000000000497e-01 8.831307824368777037e-01 1.249294588346843371e+00
6.820000000000000506e-01 8.843800770252245869e-01 1.253344078453117794e+00
6.830000000000000515e-01 8.856334211036777093e-01 1.257397014836816096e+00
6.840000000000000524e-01 8.868908181185145567e-01 1.261453418348601252e+00
6.850000000000000533e-01 8.881522715368631582e-01 1.265513309838963707e+00
6.860000000000000542e-01 8.894177848467020864e-01 1.269576710158345945e+00
6.870000000000000551e-01 8.906873615568604574e-01 1.273643640157267720e+00
6.880000000000000560e-01 8.919610051970177089e-01 1.277714120686451515e+00
6.890000000000000568e-01 8.932387193177041551e-01 1.281788172596947106e+00
6.900000000000000577e-01 8.945205074903010978e-01 1.285865816740256351e+00
6.910000000000000586e-01 8.958063733070413814e-01 1.289947073968457980e+00
6.920000000000000595e-01 8.970963203810098374e-01 1.294031965134331719e+00
6.930000000000000604e-01 8.983903523461441720e-01 1.298120511091483520e+00
6.940000000000000613e-01 8.996884728572356327e-01 1.302212732694468800e+00
6.950000000000000622e-01 9.009906855899301181e-01 1.306308650798917670e+00
6.960000000000000631e-01 9.022969942407290667e-01 1.310408286261658395e+00
6.970000000000000639e-01 9.036074025269906773e-01 1.314511659940841071e+00
6.980000000000000648e-01 9.049219141869314642e-01 1.318618792696062192e+00
6.990000000000000657e-01 9.062405329796274778e-01 1.322729705388487664e+00
7.000000000000000666e-01 9.075632626850159701e-01 1.326844418880976928e+00
7.010000000000000675e-01 9.088901071038969492e-01 1.330962954038205970e+00
7.020000000000000684e-01 9.102210700579351776e-01 1.335085331726791225e+00
7.030000000000000693e-01 9.115561553896619484e-01 1.339211572815412143e+00
7.039999999999999591e-01 9.128953669624773060e-01 1.343341698174934651e+00
7.049999999999999600e-01 9.142387086606522661e-01 1.347475728678534601e+00
7.059999999999999609e-01 9.155861843893308150e-01 1.351613685201819903e+00
7.069999999999999618e-01 9.169377980745326839e-01 1.355755588622953978e+00
7.079999999999999627e-01 9.182935536631556817e-01 1.359901459822778325e+00
7.089999999999999636e-01 9.196534551229784693e-01 1.364051319684934427e+00
7.099999999999999645e-01 9.210175064426634473e-01 1.368205189095987429e+00
7.109999999999999654e-01 9.223857116317594196e-01 1.372363088945547371e+00
7.119999999999999662e-01 9.237580747207049248e-01 1.376525040126392430e+00
7.129999999999999671e-01 9.251345997608313443e-01 1.380691063534590368e+00
7.139999999999999680e-01 9.265152908243659002e-01 1.384861180069620668e+00
7.149999999999999689e-01 9.279001520044355411e-01 1.389035410634497314e+00
7.159999999999999698e-01 9.292891874150700504e-01 1.393213776135889370e+00
7.169999999999999707e-01 9.306824011912059325e-01 1.397396297484243988e+00
7.179999999999999716e-01 9.320797974886901871e-01 1.401582995593906977e+00
7.189999999999999725e-01 9.334813804842840845e-01 1.405773891383245155e+00
7.199999999999999734e-01 9.348871543756673841e-01 1.409969005774767581e+00
7.209999999999999742e-01 9.362971233814421090e-01 1.414168359695246791e+00
7.219999999999999751e-01 9.377112917411373205e-01 1.418371974075840258e+00
7.229999999999999760e-01 9.391296637152131144e-01 1.422579869852211187e+00
7.239999999999999769e-01 9.405522435850652840e-01 1.426792067964650190e+00
7.249999999999999778e-01 9.419790356530299835e-01 1.431008589358195859e+00
7.259999999999999787e-01 9.434100442423881683e-01 1.435229454982755781e+00
7.269999999999999796e-01 9.448452736973709243e-01 1.439454685793227329e+00
7.279999999999999805e-01 9.462847283831641310e-01 1.443684302749618231e+00
7.289999999999999813e-01 9.477284126859137903e-01 1.447918326817167589e+00
7.299999999999999822e-01 9.491763310127309117e-01 1.452156778966466000e+00
7.309999999999999831e-01 9.506284877916973963e-01 1.456399680173575906e+00
7.319999999999999840e-01 9.520848874718709220e-01 1.460647051420152609e+00
7.329999999999999849e-01 9.535455345232910496e-01 1.464898913693563731e+00
7.339999999999999858e-01 9.550104334369846626e-01 1.469155287987010006e+00
7.349999999999999867e-01 9.564795887249716300e-01 1.473416195299644960e+00
7.359999999999999876e-01 9.579530049202712449e-01 1.477681656636695040e+00
7.369999999999999885e-01 9.594306865769078874e-01 1.481951693009579962e+00
7.379999999999999893e-01 9.609126382699174629e-01 1.486226325436031726e+00
7.389999999999999902e-01 9.623988645953535093e-01 1.490505574940215183e+00
7.399999999999999911e-01 9.638893701702937467e-01 1.494789462552847059e+00
7.409999999999999920e-01 9.653841596328466279e-01 1.499078009311316073e+00
7.419999999999999929e-01 9.668832376421578889e-01 1.503371236259801735e+00
7.429999999999999938e-01 9.683866088784176540e-01 1.507669164449394916e+00
7.439999999999999947e-01 9.698942780428670973e-01 1.511971814938215974e+00
7.449999999999999956e-01 9.714062498578053262e-01 1.516279208791534883e+00
7.459999999999999964e-01 9.729225290665968195e-01 1.520591367081890244e+00
7.469999999999999973e-01 9.744431204336787555e-01 1.524908310889207863e+00
7.479999999999999982e-01 9.759680287445680058e-01 1.529230061300920651e+00
7.489999999999999991e-01 9.774972588058689071e-01 1.533556639412087197e+00
7.500000000000000000e-01 9.790308154452810330e-01 1.537888066325510339e+00
7.510000000000000009e-01 9.805687035116065209e-01 1.542224363151856625e+00
7.520000000000000018e-01 9.821109278747583993e-01 1.546565551009774442e+00
7.530000000000000027e-01 9.836574934257681369e-01 1.550911651026013249e+00
7.540000000000000036e-01 9.852084050767941914e-01 1.555262684335541934e+00
7.550000000000000044e-01 9.867636677611297813e-01 1.559618672081667157e+00
7.560000000000000053e-01 9.883232864332114342e-01 1.563979635416152369e+00
7.570000000000000062e-01 9.898872660686275360e-01 1.568345595499335499e+00
7.580000000000000071e-01 9.914556116641268790e-01 1.572716573500247961e+00
7.590000000000000080e-01 9.930283282376271003e-01 1.577092590596732569e+00
7.600000000000000089e-01 9.946054208282237852e-01 1.581473667975561659e+00
7.610000000000000098e-01 9.961868944961993488e-01 1.585859826832555441e+00
7.620000000000000107e-01 9.977727543230319185e-01 1.590251088372700128e+00
7.630000000000000115e-01 9.993630054114046590e-01 1.594647473810265614e+00
7.640000000000000124e-01 1.000957652885214877e+00 1.599049004368923832e+00
7.650000000000000133e-01 1.002556701889583790e+00 1.603455701281866208e+00
7.660000000000000142e-01 1.004160157590865632e+00 1.607867585791921794e+00
7.670000000000000151e-01 1.005768025176657643e+00 1.612284679151675171e+00
7.680000000000000160e-01 1.007380309855809397e+00 1.616707002623583467e+00
7.690000000000000169e-01 1.008997016858433016e+00 1.621134577480094707e+00
7.700000000000000178e-01 1.010618151435913159e+00 1.625567425003765276e+00
7.710000000000000187e-01 1.012243718860917019e+00 1.630005566487376933e+00
7.720000000000000195e-01 1.013873724427404310e+00 1.634449023234055165e+00
7.730000000000000204e-01 1.015508173450638374e+00 1.638897816557385534e+00
7.740000000000000213e-01 1.017147071267195724e+00 1.643351967781532030e+00
7.750000000000000222e-01 1.018790423234977149e+00 1.647811498241353645e+00
7.760000000000000231e-01 1.020438234733218597e+00 1.652276429282522052e+00
7.770000000000000240e-01 1.022090511162501159e+00 1.656746782261638851e+00
7.780000000000000249e-01 1.023747257944762845e+00 1.661222578546352135e+00
7.790000000000000258e-01 1.025408480523309240e+00 1.665703839515474405e+00
7.800000000000000266e-01 1.027074184362824605e+00 1.670190586559098689e+00
7.810000000000000275e-01 1.028744374949383644e+00 1.674682841078716455e+00
7.820000000000000284e-01 1.030419057790462389e+00 1.679180624487333962e+00
7.830000000000000293e-01 1.032098238414949742e+00 1.683683958209589493e+00
7.840000000000000302e-01 1.033781922373159246e+00 1.688192863681869493e+00
7.850000000000000311e-01 1.035470115236841071e+00 1.692707362352426470e+00
7.860000000000000320e-01 1.037162822599193568e+00 1.697227475681495124e+00
7.870000000000000329e-01 1.038860050074875030e+00 1.701753225141408699e+00
7.880000000000000338e-01 1.040561803300016352e+00 1.706284632216716446e+00
7.890000000000000346e-01 1.042268087932233023e+00 1.710821718404299752e+00
7.900000000000000355e-01 1.043978909650637332e+00 1.715364505213488933e+00
7.910000000000000364e-01 1.045694274155850811e+00 1.719913014166179366e+00
7.920000000000000373e-01 1.047414187170016886e+00 1.724467266796948284e+00
7.930000000000000382e-01 1.049138654436813756e+00 1.729027284653171348e+00
7.940000000000000391e-01 1.050867681721466829e+00 1.733593089295139000e+00
7.950000000000000400e-01 1.052601274810762044e+00 1.738164702296172592e+00
7.960000000000000409e-01 1.054339439513058307e+00 1.742742145242740959e+00
7.970000000000000417e-01 1.056082181658301034e+00 1.747325439734576547e+00
7.980000000000000426e-01 1.057829507098035693e+00 1.751914607384791767e+00
7.990000000000000435e-01 1.059581421705420468e+00 1.756509669819995123e+00
8.000000000000000444e-01 1.061337931375240462e+00 1.761110648680407564e+00
8.010000000000000453e-01 1.063099042023920804e+00 1.765717565619978613e+00
8.020000000000000462e-01 1.064864759589540855e+00 1.770330442306502050e+00
8.030000000000000471e-01 1.066635090031847310e+00 1.774949300421732712e+00
8.040000000000000480e-01 1.068410039332269079e+00 1.779574161661501952e+00
8.050000000000000488e-01 1.070189613493930603e+00 1.784205047735833993e+00
8.060000000000000497e-01 1.071973818541666512e+00 1.788841980369061835e+00
8.070000000000000506e-01 1.073762660522035617e+00 1.793484981299942715e+00
8.080000000000000515e-01 1.075556145503335559e+00 1.798134072281774909e+00
8.090000000000000524e-01 1.077354279575617246e+00 1.802789275082513187e+00
8.100000000000000533e-01 1.079157068850699730e+00 1.807450611484884284e+00
8.110000000000000542e-01 1.080964519462184636e+00 1.812118103286503690e+00
8.120000000000000551e-01 1.082776637565471045e+00 1.816791772299990226e+00
8.130000000000000560e-01 1.084593429337771031e+00 1.821471640353083066e+00
8.140000000000000568e-01 1.086414900978124098e+00 1.826157729288756526e+00
8.150000000000000577e-01 1.088241058707412945e+00 1.830850060965336423e+00
8.160000000000000586e-01 1.090071908768378339e+00 1.835548657256615535e+00
8.170000000000000595e-01 1.091907457425634886e+00 1.840253540051969283e+00
8.180000000000000604e-01 1.093747710965686792e+00 1.844964731256471202e+00
8.190000000000000613e-01 1.095592675696943186e+00 1.849682252791008841e+00
8.200000000000000622e-01 1.097442357949734104e+00 1.854406126592399451e+00
8.210000000000000631e-01 1.099296764076326482e+00 1.859136374613505449e+00
8.220000000000000639e-01 1.101155900450939917e+00 1.863873018823349881e+00
8.230000000000000648e-01 1.103019773469763321e+00 1.868616081207232105e+00
8.240000000000000657e-01 1.104888389550970462e+00 1.873365583766843478e+00
8.250000000000000666e-01 1.106761755134737291e+00 1.878121548520382378e+00
8.260000000000000675e-01 1.108639876683257697e+00 1.882883997502670326e+00
8.270000000000000684e-01 1.110522760680760390e+00 1.887652952765267234e+00
8.280000000000000693e-01 1.112410413633525552e+00 1.892428436376586420e+00
8.290000000000000702e-01 1.114302842069902155e+00 1.897210470422010964e+00
8.300000000000000711e-01 1.116200052540324172e+00 1.901999077004008276e+00
8.310000000000000719e-01 1.118102051617328119e+00 1.906794278242246232e+00
8.320000000000000728e-01 1.120008845895570371e+00 1.911596096273707968e+00
8.329999999999999627e-01 1.121920441991844042e+00 1.916404553252807785e+00
8.339999999999999636e-01 1.123836846545096746e+00 1.921219671351505953e+00
8.349999999999999645e-01 1.125758066216448361e+00 1.926041472759425055e+00
8.359999999999999654e-01 1.127684107689207682e+00 1.930869979683964344e+00
8.369999999999999662e-01 1.129614977668891740e+00 1.935705214350415648e+00
8.379999999999999671e-01 1.131550682883242231e+00 1.940547199002078615e+00
8.389999999999999680e-01 1.133491230082244394e+00 1.945395955900375951e+00
8.399999999999999689e-01 1.135436626038144770e+00 1.950251507324969102e+00
8.409999999999999698e-01 1.137386877545469632e+00 1.955113875573873061e+00
8.419999999999999707e-01 1.139341991421043421e+00 1.959983082963572043e+00
8.429999999999999716e-01 1.141301974504006944e+00 1.964859151829134731e+00
8.439999999999999725e-01 1.143266833655836034e+00 1.969742104524329740e+00
8.449999999999999734e-01 1.145236575760360420e+00 1.974631963421740410e+00
8.459999999999999742e-01 1.147211207723782156e+00 1.979528750912880941e+00
8.469999999999999751e-01 1.149190736474694940e+00 1.984432489408310740e+00
8.479999999999999760e-01 1.151175168964103213e+00 1.989343201337750555e+00
8.489999999999999769e-01 1.153164512165441025e+00 1.994260909150197492e+00
8.499999999999999778e-01 1.155158773074591139e+00 1.999185635314040033e+00
8.509999999999999787e-01 1.157157958709905232e+00 2.004117402317173724e+00
8.519999999999999796e-01 1.159162076112222328e+00 2.009056232667115971e+00
8.529999999999999805e-01 1.161171132344889445e+00 2.014002148891122168e+00
8.539999999999999813e-01 1.163185134493780470e+00 2.018955173536300496e+00
8.549999999999999822e-01 1.165204089667316811e+00 2.023915329169726718e+00
8.559999999999999831e-01 1.167228004996486490e+00 2.028882638378560976e+00
8.569999999999999840e-01 1.169256887634865016e+00 2.033857123770161479e+00
8.579999999999999849e-01 1.171290744758635149e+00 2.038838807972200406e+00
8.589999999999999858e-01 1.173329583566607326e+00 2.043827713632779819e+00
8.599999999999999867e-01 1.175373411280240088e+00 2.048823863420546676e+00
8.609999999999999876e-01 1.177422235143660734e+00 2.053827280024807411e+00
8.619999999999999885e-01 1.179476062423685523e+00 2.058837986155644728e+00
8.629999999999999893e-01 1.181534900409841216e+00 2.063856004544031286e+00
8.639999999999999902e-01 1.183598756414385278e+00 2.068881357941946497e+00
8.649999999999999911e-01 1.185667637772327199e+00 2.073914069122490655e+00
8.659999999999999920e-01 1.187741551841449583e+00 2.078954160880002178e+00
8.669999999999999929e-01 1.189820506002329692e+00 2.084001656030170846e+00
8.679999999999999938e-01 1.191904507658359869e+00 2.089056577410154603e+00
8.689999999999999947e-01 1.193993564235769966e+00 2.094118947878694570e+00
8.699999999999999956e-01 1.196087683183648664e+00 2.099188790316230513e+00
8.709999999999999964e-01 1.198186871973964784e+00 2.104266127625016303e+00
8.719999999999999973e-01 1.200291138101589716e+00 2.109350982729234936e+00
8.729999999999999982e-01 1.202400489084318957e+00 2.114443378575115329e+00
8.739999999999999991e-01 1.204514932462894095e+00 2.119543338131046006e+00
8.750000000000000000e-01 1.206634475801025230e+00 2.124650884387692340e+00
8.760000000000000009e-01 1.208759126685412966e+00 2.129766040358110679e+00
8.770000000000000018e-01 1.210888892725771049e+00 2.134888829077865147e+00
8.780000000000000027e-01 1.213023781554849023e+00 2.140019273605141770e+00
8.790000000000000036e-01 1.215163800828454210e+00 2.145157397020865719e+00
8.800000000000000044e-01 1.217308958225475024e+00 2.150303222428815442e+00
8.810000000000000053e-01 1.219459261447903842e+00 2.155456772955739453e+00
8.820000000000000062e-01 1.221614718220859652e+00 2.160618071751470914e+00
8.830000000000000071e-01 1.223775336292611149e+00 2.165787141989044429e+00
8.840000000000000080e-01 1.225941123434600266e+00 2.170964006864811058e+00
8.850000000000000089e-01 1.228112087441465050e+00 2.176148689598553787e+00
8.860000000000000098e-01 1.230288236131063639e+00 2.181341213433603876e+00
8.870000000000000107e-01 1.232469577344497136e+00 2.186541601636956766e+00
8.880000000000000115e-01 1.234656118946134029e+00 2.191749877499386656e+00
8.890000000000000124e-01 1.236847868823633512e+00 2.196966064335564184e+00
8.900000000000000133e-01 1.239044834887969015e+00 2.202190185484170559e+00
8.910000000000000142e-01 1.241247025073453081e+00 2.207422264308014359e+00
8.920000000000000151e-01 1.243454447337761115e+00 2.212662324194146990e+00
8.930000000000000160e-01 1.245667109661955152e+00 2.217910388553979484e+00
8.940000000000000169e-01 1.247885020050509164e+00 2.223166480823397073e+00
8.950000000000000178e-01 1.250108186531332599e+00 2.228430624462876875e+00
8.960000000000000187e-01 1.252336617155795473e+00 2.233702842957602019e+00
8.970000000000000195e-01 1.254570319998753014e+00 2.238983159817579338e+00
8.980000000000000204e-01 1.256809303158570534e+00 2.244271598577754379e+00
8.990000000000000213e-01 1.259053574757148297e+00 2.249568182798128202e+00
9.000000000000000222e-01 1.261303142939946387e+00 2.254872936063872846e+00
9.010000000000000231e-01 1.263558015876010243e+00 2.260185881985448564e+00
9.020000000000000240e-01 1.265818201757995753e+00 2.265507044198719289e+00
9.030000000000000249e-01 1.268083708802194565e+00 2.270836446365068539e+00
9.040000000000000258e-01 1.270354545248559619e+00 2.276174112171516661e+00
9.050000000000000266e-01 1.272630719360731133e+00 2.281520065330836289e+00
9.060000000000000275e-01 1.274912239426061911e+00 2.286874329581670029e+00
9.070000000000000284e-01 1.277199113755643545e+00 2.292236928688644593e+00
9.080000000000000293e-01 1.279491350684332174e+00 2.297607886442489811e+00
9.090000000000000302e-01 1.281788958570774684e+00 2.302987226660153208e+00
9.100000000000000311e-01 1.284091945797434908e+00 2.308374973184917689e+00
9.110000000000000320e-01 1.286400320770619832e+00 2.313771149886517442e+00
9.120000000000000329e-01 1.288714091920506455e+00 2.319175780661254738e+00
9.130000000000000338e-01 1.291033267701167775e+00 2.324588889432116723e+00
9.140000000000000346e-01 1.293357856590599875e+00 2.330010500148891772e+00
9.150000000000000355e-01 1.295687867090748790e+00 2.335440636788286284e+00
9.160000000000000364e-01 1.298023307727537157e+00 2.340879323354042363e+00
9.170000000000000373e-01 1.300364187050891296e+00 2.346326583877053729e+00
9.180000000000000382e-01 1.302710513634768308e+00 2.351782442415482066e+00
9.190000000000000391e-01 1.305062296077183825e+00 2.357246923054875154e+00
9.200000000000000400e-01 1.307419543000238660e+00 2.362720049908283215e+00
9.210000000000000409e-01 1.309782263050147000e+00 2.368201847116376157e+00
9.220000000000000417e-01 1.312150464897263280e+00 2.373692338847560812e+00
9.230000000000000426e-01 1.314524157236110824e+00 2.379191549298096842e+00
9.240000000000000435e-01 1.316903348785408934e+00 2.384699502692215312e+00
9.250000000000000444e-01 1.319288048288101090e+00 2.390216223282235486e+00
9.260000000000000453e-01 1.321678264511383372e+00 2.395741735348682067e+00
9.270000000000000462e-01 1.324074006246731994e+00 2.401276063200401545e+00
9.280000000000000471e-01 1.326475282309932391e+00 2.406819231174681661e+00
9.290000000000000480e-01 1.328882101541106975e+00 2.412371263637366425e+00
9.300000000000000488e-01 1.331294472804744444e+00 2.417932184982975574e+00
9.310000000000000497e-01 1.333712404989727318e+00 2.423502019634820925e+00
9.320000000000000506e-01 1.336135907009362134e+00 2.429080792045124504e+00
9.330000000000000515e-01 1.338564987801407202e+00 2.434668526695135338e+00
9.340000000000000524e-01 1.340999656328102363e+00 2.440265248095248474e+00
9.350000000000000533e-01 1.343439921576197627e+00 2.445870980785121773e+00
9.360000000000000542e-01 1.345885792556982707e+00 2.451485749333794040e+00
9.370000000000000551e-01 1.348337278306316556e+00 2.457109578339802258e+00
9.380000000000000560e-01 1.350794387884656444e+00 2.462742492431300168e+00
9.390000000000000568e-01 1.353257130377087725e+00 2.468384516266176831e+00
9.400000000000000577e-01 1.355725514893353800e+00 2.474035674532172990e+00
9.410000000000000586e-01 1.358199550567885883e+00 2.479695991947000966e+00
9.420000000000000595e-01 1.360679246559832967e+00 2.485365493258461456e+00
9.430000000000000604e-01 1.363164612053091362e+00 2.491044203244562105e+00
9.440000000000000613e-01 1.365655656256336004e+00 2.496732146713636080e+00
9.450000000000000622e-01 1.368152388403049535e+00 2.502429348504460638e+00
9.460000000000000631e-01 1.370654817751554067e+00 2.508135833486374366e+00
9.470000000000000639e-01 1.373162953585040480e+00 2.513851626559397534e+00
9.480000000000000648e-01 1.375676805211599962e+00 2.519576752654348439e+00
9.490000000000000657e-01 1.378196381964254202e+00 2.525311236732963760e+00
9.500000000000000666e-01 1.380721693200987144e+00 2.531055103788016236e+00
9.510000000000000675e-01 1.383252748304775182e+00 2.536808378843434131e+00
9.520000000000000684e-01 1.385789556683618695e+00 2.542571086954419357e+00
9.530000000000000693e-01 1.388332127770573132e+00 2.548343253207566494e+00
9.540000000000000702e-01 1.390880471023780762e+00 2.554124902720982249e+00
9.550000000000000711e-01 1.393434595926501762e+00 2.559916060644404023e+00
9.560000000000000719e-01 1.395994511987146192e+00 2.565716752159318492e+00
9.570000000000000728e-01 1.398560228739305522e+00 2.571527002479081947e+00
9.580000000000000737e-01 1.401131755741784612e+00 2.577346836849038869e+00
9.590000000000000746e-01 1.403709102578633683e+00 2.583176280546640502e+00
9.599999999999999645e-01 1.406292278859180289e+00 2.589015358881565643e+00
9.609999999999999654e-01 1.408881294218061964e+00 2.594864097195839214e+00
9.619999999999999662e-01 1.411476158315257745e+00 2.600722520863951726e+00
9.629999999999999671e-01 1.414076880836121708e+00 2.606590655292979175e+00
9.639999999999999680e-01 1.416683471491414714e+00 2.612468525922702955e+00
9.649999999999999689e-01 1.419295940017337498e+00 2.618356158225728869e+00
9.659999999999999698e-01 1.421914296175563308e+00 2.624253577707607032e+00
9.669999999999999707e-01 1.424538549753270988e+00 2.630160809906952668e+00
9.679999999999999716e-01 1.427168710563177845e+00 2.636077880395565565e+00
9.689999999999999725e-01 1.429804788443573393e+00 2.642004814778549093e+00
9.699999999999999734e-01 1.432446793258352002e+00 2.647941638694431887e+00
9.709999999999999742e-01 1.435094734897046420e+00 2.653888377815287747e+00
9.719999999999999751e-01 1.437748623274861748e+00 2.659845057846854655e+00
9.729999999999999760e-01 1.440408468332708525e+00 2.665811704528656900e+00
9.739999999999999769e-01 1.443074280037237145e+00 2.671788343634124541e+00
9.749999999999999778e-01 1.445746068380871163e+00 2.677775000970713748e+00
9.759999999999999787e-01 1.448423843381841936e+00 2.683771702380028046e+00
9.769999999999999796e-01 1.451107615084221925e+00 2.689778473737939102e+00
9.779999999999999805e-01 1.453797393557959783e+00 2.695795340954706631e+00
9.789999999999999813e-01 1.456493188898914548e+00 2.701822329975099635e+00
9.799999999999999822e-01 1.459195011228889616e+00 2.707859466778518076e+00
9.809999999999999831e-01 1.461902870695668044e+00 2.713906777379112789e+00
9.819999999999999840e-01 1.464616777473047193e+00 2.719964287825907601e+00
9.829999999999999849e-01 1.467336741760873142e+00 2.726032024202920123e+00
9.839999999999999858e-01 1.470062773785075994e+00 2.732110012629282547e+00
9.849999999999999867e-01 1.472794883797705179e+00 2.738198279259363765e+00
9.859999999999999876e-01 1.475533082076964542e+00 2.744296850282890610e+00
9.869999999999999885e-01 1.478277378927247421e+00 2.750405751925069531e+00
9.879999999999999893e-01 1.481027784679172399e+00 2.756525010446707835e+00
9.889999999999999902e-01 1.483784309689619052e+00 2.762654652144336254e+00
9.899999999999999911e-01 1.486546964341763477e+00 2.768794703350329733e+00
9.909999999999999920e-01 1.489315759045113818e+00 2.774945190433030007e+00
9.919999999999999929e-01 1.492090704235546905e+00 2.781106139796867716e+00
9.929999999999999938e-01 1.494871810375343779e+00 2.787277577882484092e+00
9.939999999999999947e-01 1.497659087953226331e+00 2.793459531166853527e+00
9.949999999999999956e-01 1.500452547484393273e+00 2.799652026163406138e+00
9.959999999999999964e-01 1.503252199510556775e+00 2.805855089422149007e+00
9.969999999999999973e-01 1.506058054599978879e+00 2.812068747529790080e+00
9.979999999999999982e-01 1.508870123347508585e+00 2.818293027109860294e+00
9.989999999999999991e-01 1.511688416374618482e+00 2.824527954822835696e+00
